3.0,0.0
3.02377972466,0.0
3.04755944931,0.0
3.07133917397,0.0
3.09511889862,0.0
3.11889862328,0.0
3.14267834793,0.0
3.16645807259,0.0
3.19023779725,0.0
3.2140175219,0.0
3.23779724656,0.0
3.26157697121,0.0
3.28535669587,0.0
3.30913642053,0.0
3.33291614518,0.0
3.35669586984,0.0
3.38047559449,0.0
3.40425531915,0.0
3.4280350438,0.0
3.45181476846,0.0
3.47559449312,0.0
3.49937421777,0.0
3.52315394243,0.0
3.54693366708,0.0
3.57071339174,0.0
3.5944931164,0.0
3.61827284105,0.0
3.64205256571,0.0
3.66583229036,0.0
3.68961201502,0.0
3.71339173967,0.0
3.73717146433,0.0
3.76095118899,0.0
3.78473091364,0.0
3.8085106383,0.0
3.83229036295,0.0
3.85607008761,0.0
3.87984981227,0.0
3.90362953692,0.0
3.92740926158,0.0
3.95118898623,0.0
3.97496871089,0.0
3.99874843554,0.0
4.0225281602,0.0
4.04630788486,0.0
4.07008760951,0.0
4.09386733417,0.0
4.11764705882,0.0
4.14142678348,0.0
4.16520650814,0.0
4.18898623279,0.0
4.21276595745,0.0
4.2365456821,0.0
4.26032540676,0.0
4.28410513141,0.0
4.30788485607,0.0
4.33166458073,0.0
4.35544430538,0.0
4.37922403004,0.0
4.40300375469,0.0
4.42678347935,0.0
4.45056320401,0.0
4.47434292866,0.0
4.49812265332,0.0
4.52190237797,0.0
4.54568210263,0.0
4.56946182728,0.0
4.59324155194,0.0
4.6170212766,0.0
4.64080100125,0.0
4.66458072591,0.0
4.68836045056,0.0
4.71214017522,0.0
4.73591989987,0.0
4.75969962453,0.0
4.78347934919,0.0
4.80725907384,0.0
4.8310387985,0.0
4.85481852315,0.0
4.87859824781,0.0
4.90237797247,0.0
4.92615769712,0.0
4.94993742178,0.0
4.97371714643,0.0
4.99749687109,0.0
5.02127659574,0.0
5.0450563204,0.0
5.06883604506,0.0
5.09261576971,0.0
5.11639549437,0.0
5.14017521902,0.0
5.16395494368,0.0
5.18773466834,0.0
5.21151439299,0.0
5.23529411765,0.0
5.2590738423,0.0
5.28285356696,0.0
5.30663329161,0.0
5.33041301627,0.0
5.35419274093,0.0
5.37797246558,0.0
5.40175219024,0.0
5.42553191489,0.0
5.44931163955,0.0
5.47309136421,0.0
5.49687108886,0.0
5.52065081352,0.0
5.54443053817,0.0
5.56821026283,0.0
5.59198998748,0.0
5.61576971214,0.0
5.6395494368,0.0
5.66332916145,0.0
5.68710888611,0.0
5.71088861076,0.0
5.73466833542,0.0
5.75844806008,0.0
5.78222778473,0.0
5.80600750939,0.0
5.82978723404,0.0
5.8535669587,0.0
5.87734668335,0.0
5.90112640801,0.0
5.92490613267,0.0
5.94868585732,0.0
5.97246558198,0.0
5.99624530663,0.0
6.02002503129,0.0
6.04380475594,0.0
6.0675844806,0.0
6.09136420526,0.0
6.11514392991,0.0
6.13892365457,0.0
6.16270337922,0.0
6.18648310388,0.0
6.21026282854,0.0
6.23404255319,0.0
6.25782227785,0.0
6.2816020025,0.0
6.30538172716,0.0
6.32916145181,0.0
6.35294117647,0.0
6.37672090113,0.0
6.40050062578,0.0
6.42428035044,0.0
6.44806007509,0.0
6.47183979975,0.0256565472484
6.49561952441,0.0288095230954
6.51939924906,0.0481572858954
6.54317897372,0.0407258580142
6.56695869837,0.0437132665398
6.59073842303,0.0327484125076
6.61451814768,0.0352935518737
6.63829787234,0.0222672594646
6.662077597,0.0299006148079
6.68585732165,0.0309145895605
6.70963704631,0.0303541773739
6.73341677096,0.0322022624666
6.75719649562,0.0420386148515
6.78097622028,0.0355085893641
6.80475594493,0.0355477201934
6.82853566959,0.0309667934245
6.85231539424,0.0231808027123
6.8760951189,0.0369023981002
6.89987484355,0.0298207779243
6.92365456821,0.0250914831019
6.94743429287,0.0298736725865
6.97121401752,0.0282407796578
6.99499374218,0.024710259754
7.01877346683,0.0296404697236
7.04255319149,0.0247430653352
7.06633291615,0.0284748100039
7.0901126408,0.0283278149863
7.11389236546,0.0263051267048
7.13767209011,0.0267115976497
7.16145181477,0.0232478947446
7.18523153942,0.0283856542432
7.20901126408,0.0233037542671
7.23279098874,0.0286312734753
7.25657071339,0.0230988737361
7.28035043805,0.0266550478666
7.3041301627,0.0427480246717
7.32790988736,0.0275881403214
7.35168961202,0.0255151301862
7.37546933667,0.0222999984273
7.39924906133,0.0263149197426
7.42302878598,0.0279741324019
7.44680851064,0.0293441720432
7.47058823529,0.0234953151005
7.49436795995,0.023436594889
7.51814768461,0.0236933888625
7.54192740926,0.027003778971
7.56570713392,0.0229992969413
7.58948685857,0.024262310718
7.61326658323,0.0224706170281
7.63704630788,0.022997336664
7.66082603254,0.0275050989742
7.6846057572,0.0240595203534
7.70838548185,0.0269945842523
7.73216520651,0.0261358679791
7.75594493116,0.0214622671013
7.77972465582,0.0231092904658
7.80350438048,0.0232175660988
7.82728410513,0.0204081071375
7.85106382979,0.0213359033503
7.87484355444,0.0208644728445
7.8986232791,0.0212565484955
7.92240300375,0.0192574663987
7.94618272841,0.0198833323419
7.96996245307,0.0183726190936
7.99374217772,0.0215922003388
8.01752190238,0.0217222845159
8.04130162703,0.0228021399831
8.06508135169,0.0207619980549
8.08886107635,0.0204652714755
8.112640801,0.0211389079096
8.13642052566,0.0216389028987
8.16020025031,0.0201872113479
8.18397997497,0.0198334647078
8.20775969962,0.0234231010071
8.23153942428,0.0214334810218
8.25531914894,0.0203805926218
8.27909887359,0.0246880286605
8.30287859825,0.0200421414049
8.3266583229,0.0185031036294
8.35043804756,0.0165526866717
8.37421777222,0.0185469261343
8.39799749687,0.0206950110495
8.42177722153,0.0194306686787
8.44555694618,0.0175391880921
8.46933667084,0.0188236446548
8.49311639549,0.0182356007841
8.51689612015,0.0192354181986
8.54067584481,0.0184896039396
8.56445556946,0.019528815135
8.58823529412,0.0177655092469
8.61201501877,0.0188873457723
8.63579474343,0.0199975003756
8.65957446809,0.0197668064589
8.68335419274,0.0187853339944
8.7071339174,0.0211721873082
8.73091364205,0.0243804813622
8.75469336671,0.0248337479176
8.77847309136,0.0240086053596
8.80225281602,0.0210783584536
8.82603254068,0.0235992673636
8.84981226533,0.023003870444
8.87359198999,0.0224426250748
8.89737171464,0.0221659501288
8.9211514393,0.024163088701
8.94493116395,0.0207910139809
8.96871088861,0.0253004920357
8.99249061327,0.0248547139605
9.01627033792,0.0236792598065
9.04005006258,0.0227642653045
9.06382978723,0.0235276509315
9.08760951189,0.0270045831564
9.11138923655,0.0268290161973
9.1351689612,0.0247893893152
9.15894868586,0.0257426873088
9.18272841051,0.0245904405283
9.20650813517,0.0276659889737
9.23028785982,0.0271870014729
9.25406758448,0.026178388233
9.27784730914,0.0312798866015
9.30162703379,0.0297606527413
9.32540675845,0.0297968397545
9.3491864831,0.0298061227144
9.37296620776,0.0312546051047
9.39674593242,0.0311390964923
9.42052565707,0.0301224836083
9.44430538173,0.0285857302062
9.46808510638,0.0298773644977
9.49186483104,0.0327156786014
9.51564455569,0.0338648542607
9.53942428035,0.0375020824467
9.56320400501,0.0425229692411
9.58698372966,0.0496604812625
9.61076345432,0.0527978617717
9.63454317897,0.0554092779642
9.65832290363,0.0609749911902
9.68210262829,0.0675787816667
9.70588235294,0.0687206049951
9.7296620776,0.0735112919755
9.75344180225,0.0705183912919
9.77722152691,0.0761145755085
9.80100125156,0.0717414791125
9.82478097622,0.070996684141
9.84856070088,0.0646915716022
9.87234042553,0.0652185382619
9.89612015019,0.0604024937358
9.91989987484,0.0536637925705
9.9436795995,0.0508924976788
9.96745932416,0.0511774771138
9.99123904881,0.0534896459797
10.0150187735,0.0517553781359
10.0387984981,0.0530707003431
10.0625782228,0.055473406212
10.0863579474,0.0510064280513
10.1101376721,0.0509523432891
10.1339173967,0.0474903976673
10.1576971214,0.0465866992563
10.1814768461,0.05068582321
10.2052565707,0.0499172169949
10.2290362954,0.0456060824544
10.25281602,0.0528456436173
10.2765957447,0.0517101769204
10.3003754693,0.0511356714563
10.324155194,0.0534939151776
10.3479349186,0.0508744420282
10.3717146433,0.0500051142562
10.395494368,0.0516010171823
10.4192740926,0.0521623151053
10.4430538173,0.049810063631
10.4668335419,0.0509394078376
10.4906132666,0.0537142416015
10.5143929912,0.0515822971737
10.5381727159,0.0529040168196
10.5619524406,0.0537156236229
10.5857321652,0.0530463959072
10.6095118899,0.0531670517442
10.6332916145,0.0519735088775
10.6570713392,0.0513675420682
10.6808510638,0.0507233182419
10.7046307885,0.0495911356042
10.7284105131,0.0529611795521
10.7521902378,0.0511626590993
10.7759699625,0.0517440895896
10.7997496871,0.0530286705463
10.8235294118,0.0566093952045
10.8473091364,0.0576005073246
10.8710888611,0.0584446501671
10.8948685857,0.0526371523336
10.9186483104,0.0542192665642
10.942428035,0.0523855020934
10.9662077597,0.0560449749144
10.9899874844,0.059136406137
11.013767209,0.0563233956537
11.0375469337,0.0604028690755
11.0613266583,0.0579987028916
11.085106383,0.058880112651
11.1088861076,0.0592586775088
11.1326658323,0.0580453264322
11.1564455569,0.0590843106402
11.1802252816,0.058602059067
11.2040050063,0.0618006874243
11.2277847309,0.061218315222
11.2515644556,0.0618749323187
11.2753441802,0.0587971813448
11.2991239049,0.0590085652342
11.3229036295,0.062101141807
11.3466833542,0.0624194235164
11.3704630788,0.0613252235456
11.3942428035,0.061376781391
11.4180225282,0.0612252630782
11.4418022528,0.0601571790597
11.4655819775,0.0652277680199
11.4893617021,0.0664133575349
11.5131414268,0.0669162297726
11.5369211514,0.0681086885599
11.5607008761,0.0664949696032
11.5844806008,0.0695134889287
11.6082603254,0.0696293607751
11.6320400501,0.0679661830869
11.6558197747,0.069570267846
11.6795994994,0.0673505840135
11.703379224,0.0656630605679
11.7271589487,0.0684642597851
11.7509386733,0.0716710709161
11.774718398,0.0748324563124
11.7984981227,0.0756451771521
11.8222778473,0.0715260984444
11.846057572,0.0733352358774
11.8698372966,0.0778596446157
11.8936170213,0.0743490441077
11.9173967459,0.0778257290199
11.9411764706,0.0723658419468
11.9649561952,0.0746680348462
11.9887359199,0.075506940739
12.0125156446,0.0728846631576
12.0362953692,0.0738166972828
12.0600750939,0.0731725922493
12.0838548185,0.0721349043333
12.1076345432,0.0738111378043
12.1314142678,0.0751752459444
12.1551939925,0.077334365102
12.1789737171,0.0750324609579
12.2027534418,0.0797857032248
12.2265331665,0.0779371595845
12.2503128911,0.0774633220939
12.2740926158,0.0797287160074
12.2978723404,0.0767728817233
12.3216520651,0.0800819925652
12.3454317897,0.0751550622383
12.3692115144,0.0757330485272
12.392991239,0.078320829574
12.4167709637,0.0821822461485
12.4405506884,0.0829992546014
12.464330413,0.0834393420108
12.4881101377,0.0839836910547
12.5118898623,0.0789167467847
12.535669587,0.0817647677385
12.5594493116,0.0826079061083
12.5832290363,0.0840502724647
12.607008761,0.084450816774
12.6307884856,0.086301778186
12.6545682103,0.0832840190148
12.6783479349,0.0865374533848
12.7021276596,0.0828443857474
12.7259073842,0.086404692952
12.7496871089,0.0887227525573
12.7734668335,0.0901325577893
12.7972465582,0.0928128344872
12.8210262829,0.0883551807875
12.8448060075,0.0847114510278
12.8685857322,0.0960449805723
12.8923654568,0.0953300007908
12.9161451815,0.09441451185
12.9399249061,0.092091123203
12.9637046308,0.0909239127854
12.9874843554,0.0983194207809
13.0112640801,0.100128970028
13.0350438048,0.0975047456224
13.0588235294,0.103003135271
13.0826032541,0.0979616726855
13.1063829787,0.0967310784569
13.1301627034,0.105568569475
13.153942428,0.10239003295
13.1777221527,0.106627089557
13.2015018773,0.109731331664
13.225281602,0.116428347721
13.2490613267,0.123706784377
13.2728410513,0.124066471563
13.296620776,0.13712075106
13.3204005006,0.148033081283
13.3441802253,0.162668451148
13.3679599499,0.192473777046
13.3917396746,0.222700782938
13.4155193992,0.261904200664
13.4392991239,0.322080847955
13.4630788486,0.373505045503
13.4868585732,0.465100287523
13.5106382979,0.523649334877
13.5344180225,0.598879495239
13.5581977472,0.687630785568
13.5819774718,0.757832409814
13.6057571965,0.841909385183
13.6295369212,0.921106454716
13.6533166458,0.956996143504
13.6770963705,1.02391122417
13.7008760951,1.03314648216
13.7246558198,1.06698933653
13.7484355444,1.08791307704
13.7722152691,1.05496859695
13.7959949937,1.00751586426
13.8197747184,0.978940153612
13.8435544431,0.92657236784
13.8673341677,0.850635650419
13.8911138924,0.801611086949
13.914893617,0.750991575725
13.9386733417,0.693309544663
13.9624530663,0.617381483008
13.986232791,0.559022916175
14.0100125156,0.481100223328
14.0337922403,0.433287581322
14.057571965,0.38919732501
14.0813516896,0.352466664217
14.1051314143,0.318597219664
14.1289111389,0.279467189153
14.1526908636,0.252094114896
14.1764705882,0.229123454083
14.2002503129,0.211586420133
14.2240300375,0.195804313456
14.2478097622,0.18017555224
14.2715894869,0.169015858798
14.2953692115,0.157817733925
14.3191489362,0.149690926625
14.3429286608,0.137901342019
14.3667083855,0.132000514514
14.3904881101,0.128096156869
14.4142678348,0.12131519459
14.4380475594,0.116396504276
14.4618272841,0.113303950787
14.4856070088,0.109888320846
14.5093867334,0.109449720367
14.5331664581,0.102180860704
14.5569461827,0.101132414504
14.5807259074,0.10295935418
14.604505632,0.0991711533667
14.6282853567,0.101213690623
14.6520650814,0.100535573648
14.675844806,0.0957302515426
14.6996245307,0.092726744822
14.7234042553,0.0972878511586
14.74718398,0.0966817975565
14.7709637046,0.0954546065961
14.7947434293,0.0963975964318
14.8185231539,0.0923706355321
14.8423028786,0.089639086868
14.8660826033,0.089293746493
14.8898623279,0.0889137288352
14.9136420526,0.08599888577
14.9374217772,0.0870515339889
14.9612015019,0.0863378831002
14.9849812265,0.0858886378361
15.0087609512,0.0827431958199
15.0325406758,0.0801563510338
15.0563204005,0.079149384173
15.0801001252,0.0797652178672
15.1038798498,0.0791207494278
15.1276595745,0.0797763676182
15.1514392991,0.0768137138275
15.1752190238,0.0764530440597
15.1989987484,0.079077649651
15.2227784731,0.0782033294429
15.2465581977,0.0753844776712
15.2703379224,0.0769312907551
15.2941176471,0.0768334142854
15.3178973717,0.0772530657217
15.3416770964,0.0767541260703
15.365456821,0.0740382047245
15.3892365457,0.0762834590507
15.4130162703,0.077888728798
15.436795995,0.075397671324
15.4605757196,0.0772814608719
15.4843554443,0.0763922824324
15.508135169,0.0752850970595
15.5319148936,0.0757709310958
15.5556946183,0.0808514224795
15.5794743429,0.0782713861533
15.6032540676,0.0807867416033
15.6270337922,0.0799100531549
15.6508135169,0.0788543058128
15.6745932416,0.0808646059778
15.6983729662,0.0823760068613
15.7221526909,0.0819013696569
15.7459324155,0.0806595197262
15.7697121402,0.0807290242239
15.7934918648,0.0766841718624
15.8172715895,0.0787537972648
15.8410513141,0.0776244711481
15.8648310388,0.0781068082743
15.8886107635,0.0787209132948
15.9123904881,0.0757201405558
15.9361702128,0.0751086565049
15.9599499374,0.0743878809274
15.9837296621,0.0770312667398
16.0075093867,0.0751124321952
16.0312891114,0.0760390764048
16.055068836,0.071446961982
16.0788485607,0.0724952659015
16.1026282854,0.0751219941658
16.12640801,0.0741793377056
16.1501877347,0.0744367111599
16.1739674593,0.0744356077528
16.197747184,0.0747048993804
16.2215269086,0.0724857482573
16.2453066333,0.0707778192287
16.2690863579,0.0728352654345
16.2928660826,0.0707730142531
16.3166458073,0.0703758294003
16.3404255319,0.0720860619744
16.3642052566,0.072453509903
16.3879849812,0.0693058387951
16.4117647059,0.0703365960129
16.4355444305,0.073472079116
16.4593241552,0.0729156662
16.4831038798,0.0714177218212
16.5068836045,0.0695566859254
16.5306633292,0.0700555388645
16.5544430538,0.0729351080918
16.5782227785,0.0717461640446
16.6020025031,0.0719354180935
16.6257822278,0.0716408618524
16.6495619524,0.0722474999352
16.6733416771,0.0753374198436
16.6971214018,0.0752355375517
16.7209011264,0.0801702034023
16.7446808511,0.0789240982224
16.7684605757,0.0775394091605
16.7922403004,0.0786159871266
16.816020025,0.0794745662198
16.8397997497,0.078688742794
16.8635794743,0.0794386586871
16.887359199,0.0783186304303
16.9111389237,0.0777403454834
16.9349186483,0.077672763233
16.958698373,0.0751373807734
16.9824780976,0.0735109413779
17.0062578223,0.0733236371013
17.0300375469,0.0740942109163
17.0538172716,0.0749281513855
17.0775969962,0.0753300023548
17.1013767209,0.0759179055193
17.1251564456,0.0762510760196
17.1489361702,0.0783060037876
17.1727158949,0.081322397301
17.1964956195,0.0789408525587
17.2202753442,0.080633352009
17.2440550688,0.0851012416095
17.2678347935,0.0884333997321
17.2916145181,0.0880204327028
17.3153942428,0.0938542601859
17.3391739675,0.103778863563
17.3629536921,0.115462750217
17.3867334168,0.127514977383
17.4105131414,0.147092502577
17.4342928661,0.175658358195
17.4580725907,0.201215737722
17.4818523154,0.228150633623
17.5056320401,0.264174615108
17.5294117647,0.28408694425
17.5531914894,0.30029002405
17.576971214,0.322537087469
17.6007509387,0.34539904133
17.6245306633,0.367876981396
17.648310388,0.390054305721
17.6720901126,0.420008052834
17.6958698373,0.444553238894
17.719649562,0.449980222983
17.7434292866,0.460173497886
17.7672090113,0.457166933294
17.7909887359,0.44490288905
17.8147684606,0.444114412386
17.8385481852,0.439040525703
17.8623279099,0.430492914373
17.8861076345,0.413302707924
17.9098873592,0.401073101747
17.9336670839,0.372333150265
17.9574468085,0.343153559002
17.9812265332,0.313296312769
18.0050062578,0.284688547999
18.0287859825,0.258358258145
18.0525657071,0.2390248474
18.0763454318,0.216848325633
18.1001251564,0.199644399049
18.1239048811,0.183218821392
18.1476846058,0.169160404877
18.1714643304,0.154031164635
18.1952440551,0.141671074008
18.2190237797,0.131257553032
18.2428035044,0.124771456395
18.266583229,0.115521535479
18.2903629537,0.109195795555
18.3141426783,0.107967202638
18.337922403,0.103405272555
18.3617021277,0.0972749009676
18.3854818523,0.0929435160663
18.409261577,0.0913201517516
18.4330413016,0.0906913326308
18.4568210263,0.0856693192112
18.4806007509,0.0848450833015
18.5043804756,0.0827064302915
18.5281602003,0.081473878641
18.5519399249,0.0778875241318
18.5757196496,0.0758914085987
18.5994993742,0.0764032509904
18.6232790989,0.0756790484687
18.6470588235,0.073017926579
18.6708385482,0.0731532322184
18.6946182728,0.0699799411668
18.7183979975,0.0707819449147
18.7421777222,0.0687931983263
18.7659574468,0.0686713730913
18.7897371715,0.0666840884126
18.8135168961,0.0654581301446
18.8372966208,0.0653842635036
18.8610763454,0.0679132027553
18.8848560701,0.067528331685
18.9086357947,0.0653515503304
18.9324155194,0.0660126595948
18.9561952441,0.0654894357948
18.9799749687,0.0662999198233
19.0037546934,0.0667314494472
19.027534418,0.0653545406162
19.0513141427,0.0639602750906
19.0750938673,0.0649917212418
19.098873592,0.0652496647585
19.1226533166,0.068289532502
19.1464330413,0.0679478738999
19.170212766,0.0673989912647
19.1939924906,0.0667482557039
19.2177722153,0.0662489119073
19.2415519399,0.0663829444786
19.2653316646,0.0678321320289
19.2891113892,0.0684563114867
19.3128911139,0.0681727036835
19.3366708385,0.0682988627269
19.3604505632,0.0674189249578
19.3842302879,0.0712913489593
19.4080100125,0.0717614348595
19.4317897372,0.0755200883837
19.4555694618,0.0785876989261
19.4793491865,0.0803731213085
19.5031289111,0.0869625637962
19.5269086358,0.0947639273933
19.5506883605,0.10830537898
19.5744680851,0.12213799069
19.5982478098,0.143296162906
19.6220275344,0.164438153733
19.6458072591,0.185524007145
19.6695869837,0.209296658207
19.6933667084,0.226533821585
19.717146433,0.236549327908
19.7409261577,0.238584232701
19.7647058824,0.229741530365
19.788485607,0.232068240365
19.8122653317,0.237511708561
19.8360450563,0.25084261393
19.859824781,0.265198372586
19.8836045056,0.285222977317
19.9073842303,0.303520512955
19.9311639549,0.310716143927
19.9549436796,0.30675958045
19.9787234043,0.286218219874
20.0025031289,0.264650867517
20.0262828536,0.238415422793
20.0500625782,0.217159355888
20.0738423029,0.200078075594
20.0976220275,0.185227876914
20.1214017522,0.170296567055
20.1451814768,0.158348150318
20.1689612015,0.153953140092
20.1927409262,0.137754021367
20.2165206508,0.127354975662
20.2403003755,0.115691166891
20.2640801001,0.107613403353
20.2878598248,0.0969096770449
20.3116395494,0.0925204944984
20.3354192741,0.0870811474444
20.3591989987,0.0854170530041
20.3829787234,0.0810881916077
20.4067584481,0.0765644929175
20.4305381727,0.0739820561304
20.4543178974,0.070637181202
20.478097622,0.0703971329097
20.5018773467,0.0640983480883
20.5256570713,0.0633852158333
20.549436796,0.060377391497
20.5732165207,0.0575333965962
20.5969962453,0.0568218666705
20.62077597,0.0562961247006
20.6445556946,0.050171151153
20.6683354193,0.051739853671
20.6921151439,0.0508392666998
20.7158948686,0.0464729991473
20.7396745932,0.0429103091271
20.7634543179,0.0389068452182
20.7872340426,0.0363771213806
20.8110137672,0.0350905569876
20.8347934919,0.0313038535433
20.8585732165,0.0313343651144
20.8823529412,0.0335511259288
20.9061326658,0.0358749744874
20.9299123905,0.0347234353242
20.9536921151,0.0333783831651
20.9774718398,0.0349244110979
21.0012515645,0.0285634100295
21.0250312891,0.0328575400174
21.0488110138,0.0375875247913
21.0725907384,0.0365535087288
21.0963704631,0.039055592064
21.1201501877,0.0411953861807
21.1439299124,0.0298129116505
21.167709637,0.014697889034
21.1914893617,0.0070787937693
21.2152690864,0.00405303250855
21.239048811,0.00380983815204
21.2628285357,0.00455767047285
21.2866082603,0.00359848738222
21.310387985,0.00397605020978
21.3341677096,0.00380035112583
21.3579474343,0.0
21.3817271589,0.0
21.4055068836,0.0
21.4292866083,0.0
21.4530663329,0.0
21.4768460576,0.0
21.5006257822,0.0
21.5244055069,0.0
21.5481852315,0.0
21.5719649562,0.0
21.5957446809,0.0
21.6195244055,0.0
21.6433041302,0.0
21.6670838548,0.0
21.6908635795,0.0
21.7146433041,0.0
21.7384230288,0.0
21.7622027534,0.0
21.7859824781,0.0
21.8097622028,0.0
21.8335419274,0.0
21.8573216521,0.0
21.8811013767,0.0
21.9048811014,0.0
21.928660826,0.0
21.9524405507,0.0
21.9762202753,0.0
22.0,0.0
