3.0,0.0
3.02377972466,0.0
3.04755944931,0.0
3.07133917397,0.0
3.09511889862,0.0
3.11889862328,0.0
3.14267834793,0.0
3.16645807259,0.0
3.19023779725,0.0
3.2140175219,0.0
3.23779724656,0.0
3.26157697121,0.0
3.28535669587,0.0
3.30913642053,0.0
3.33291614518,0.0
3.35669586984,0.0
3.38047559449,0.0
3.40425531915,0.0
3.4280350438,0.0
3.45181476846,0.0
3.47559449312,0.0
3.49937421777,0.0
3.52315394243,0.0
3.54693366708,0.0
3.57071339174,0.0
3.5944931164,0.0
3.61827284105,0.0
3.64205256571,0.0
3.66583229036,0.0
3.68961201502,0.0
3.71339173967,0.0
3.73717146433,0.0
3.76095118899,0.0
3.78473091364,0.0
3.8085106383,0.0
3.83229036295,0.0
3.85607008761,0.0
3.87984981227,0.0
3.90362953692,0.0
3.92740926158,0.0
3.95118898623,0.0
3.97496871089,0.0
3.99874843554,0.0
4.0225281602,0.0
4.04630788486,0.0
4.07008760951,0.0
4.09386733417,0.0
4.11764705882,0.0
4.14142678348,0.0
4.16520650814,0.0
4.18898623279,0.0
4.21276595745,0.0
4.2365456821,0.0
4.26032540676,0.0
4.28410513141,0.0
4.30788485607,0.0
4.33166458073,0.0
4.35544430538,0.0
4.37922403004,0.0
4.40300375469,0.0
4.42678347935,0.0
4.45056320401,0.0
4.47434292866,0.0
4.49812265332,0.0
4.52190237797,0.0
4.54568210263,0.0
4.56946182728,0.0
4.59324155194,0.0
4.6170212766,0.0
4.64080100125,0.0
4.66458072591,0.0
4.68836045056,0.0
4.71214017522,0.0
4.73591989987,0.0
4.75969962453,0.0
4.78347934919,0.0
4.80725907384,0.0
4.8310387985,0.0
4.85481852315,0.0
4.87859824781,0.0
4.90237797247,0.0
4.92615769712,0.0
4.94993742178,0.0
4.97371714643,0.0
4.99749687109,0.0
5.02127659574,0.0
5.0450563204,0.0
5.06883604506,0.0
5.09261576971,0.0
5.11639549437,0.0
5.14017521902,0.0
5.16395494368,0.0
5.18773466834,0.0
5.21151439299,0.0
5.23529411765,0.0
5.2590738423,0.0
5.28285356696,0.0
5.30663329161,0.0
5.33041301627,0.0
5.35419274093,0.0
5.37797246558,0.0
5.40175219024,0.0
5.42553191489,0.0
5.44931163955,0.0
5.47309136421,0.0
5.49687108886,0.0
5.52065081352,0.0
5.54443053817,0.0
5.56821026283,0.0
5.59198998748,0.0
5.61576971214,0.0
5.6395494368,0.0
5.66332916145,0.0
5.68710888611,0.0
5.71088861076,0.0
5.73466833542,0.0
5.75844806008,0.0
5.78222778473,0.0
5.80600750939,0.0
5.82978723404,0.0
5.8535669587,0.0
5.87734668335,0.0
5.90112640801,0.0
5.92490613267,0.0
5.94868585732,0.0
5.97246558198,0.0
5.99624530663,0.0
6.02002503129,0.0
6.04380475594,0.0
6.0675844806,0.0
6.09136420526,0.0
6.11514392991,0.0
6.13892365457,0.0
6.16270337922,0.0
6.18648310388,0.0
6.21026282854,0.0
6.23404255319,0.0
6.25782227785,0.0
6.2816020025,0.0
6.30538172716,0.0
6.32916145181,0.0
6.35294117647,0.0
6.37672090113,0.0
6.40050062578,0.0
6.42428035044,0.0
6.44806007509,0.0
6.47183979975,0.000798665860202
6.49561952441,0.00281866634032
6.51939924906,0.00493551883847
6.54317897372,0.0149746364914
6.56695869837,0.0370339715155
6.59073842303,0.0211974952254
6.61451814768,0.0276059930329
6.63829787234,0.00591780903051
6.662077597,0.0170581205166
6.68585732165,0.0260195004521
6.70963704631,0.0291625595419
6.73341677096,0.0467938308138
6.75719649562,0.0383569546393
6.78097622028,0.0468983352766
6.80475594493,0.0717833812814
6.82853566959,0.0541457738727
6.85231539424,0.044226397411
6.8760951189,0.032029613445
6.89987484355,0.0404344192357
6.92365456821,0.0486379449721
6.94743429287,0.0541416163323
6.97121401752,0.0389339225949
6.99499374218,0.0317008396378
7.01877346683,0.0476757442812
7.04255319149,0.0243262168951
7.06633291615,0.0357101218542
7.0901126408,0.0648899128428
7.11389236546,0.0449705251376
7.13767209011,0.0668647659477
7.16145181477,0.0770071413135
7.18523153942,0.089268591546
7.20901126408,0.06383575371
7.23279098874,0.0890466519049
7.25657071339,0.0542072278913
7.28035043805,0.0923201363767
7.3041301627,0.0940254855086
7.32790988736,0.0819622437702
7.35168961202,0.0635619470268
7.37546933667,0.0541827615816
7.39924906133,0.0597667687689
7.42302878598,0.0708244688576
7.44680851064,0.0566701835487
7.47058823529,0.0581561225117
7.49436795995,0.0923128450522
7.51814768461,0.0630780669162
7.54192740926,0.0982878943905
7.56570713392,0.138012740936
7.58948685857,0.127190448693
7.61326658323,0.0982657597633
7.63704630788,0.0784506982891
7.66082603254,0.1095494724
7.6846057572,0.104743156175
7.70838548185,0.109238139295
7.73216520651,0.0792699052836
7.75594493116,0.0763054338167
7.77972465582,0.0866070560296
7.80350438048,0.100834401906
7.82728410513,0.0661216543522
7.85106382979,0.0678192291525
7.87484355444,0.0693299928098
7.8986232791,0.101994264813
7.92240300375,0.0740666598431
7.94618272841,0.0870179584017
7.96996245307,0.0734126752941
7.99374217772,0.094548348512
8.01752190238,0.104050516675
8.04130162703,0.0934116537683
8.06508135169,0.0895713214413
8.08886107635,0.08467948623
8.112640801,0.115640708304
8.13642052566,0.141710715776
8.16020025031,0.108865335467
8.18397997497,0.0785731073702
8.20775969962,0.110214434913
8.23153942428,0.0993461596663
8.25531914894,0.0823984493618
8.27909887359,0.0990811657393
8.30287859825,0.0997158010141
8.3266583229,0.081695762754
8.35043804756,0.107365239935
8.37421777222,0.143622515025
8.39799749687,0.137564690493
8.42177722153,0.156333700521
8.44555694618,0.1547951299
8.46933667084,0.164555025694
8.49311639549,0.150260224473
8.51689612015,0.1851332722
8.54067584481,0.176686162711
8.56445556946,0.204153663537
8.58823529412,0.218750297267
8.61201501877,0.225676510192
8.63579474343,0.259115607594
8.65957446809,0.270040401607
8.68335419274,0.274640039541
8.7071339174,0.324938616541
8.73091364205,0.426295868412
8.75469336671,0.411719613825
8.77847309136,0.352907878405
8.80225281602,0.368526247737
8.82603254068,0.409929498855
8.84981226533,0.435464193346
8.87359198999,0.431712946272
8.89737171464,0.42260224733
8.9211514393,0.45111632254
8.94493116395,0.421868038015
8.96871088861,0.471379952272
8.99249061327,0.49894472654
9.01627033792,0.507394099841
9.04005006258,0.489226845908
9.06382978723,0.467241724022
9.08760951189,0.626607927377
9.11138923655,0.633344819245
9.1351689612,0.582990353229
9.15894868586,0.588860475866
9.18272841051,0.594705674681
9.20650813517,0.680905801302
9.23028785982,0.697769847291
9.25406758448,0.698366460332
9.27784730914,0.876872442896
9.30162703379,0.841396416945
9.32540675845,0.756252817286
9.3491864831,0.816834448196
9.37296620776,0.898613282945
9.39674593242,0.919122624327
9.42052565707,0.906804338214
9.44430538173,0.903975098685
9.46808510638,0.966374283424
9.49186483104,1.06504805037
9.51564455569,1.10171489895
9.53942428035,1.26291971939
9.56320400501,1.46280799125
9.58698372966,1.6955949933
9.61076345432,1.94126453076
9.63454317897,2.06916053244
9.65832290363,2.28414508735
9.68210262829,2.55705375242
9.70588235294,2.63377914927
9.7296620776,2.84507577453
9.75344180225,2.83909538208
9.77722152691,2.99189956801
9.80100125156,2.75990154536
9.82478097622,2.80756406125
9.84856070088,2.56358151475
9.87234042553,2.6897160252
9.89612015019,2.40740059305
9.91989987484,2.13735798147
9.9436795995,1.99398544634
9.96745932416,2.05887784209
9.99123904881,2.13633811317
10.0150187735,2.09049955552
10.0387984981,2.21413609479
10.0625782228,2.28509482514
10.0863579474,2.08817379578
10.1101376721,2.15269131796
10.1339173967,2.0535253663
10.1576971214,2.01663346833
10.1814768461,2.08654268633
10.2052565707,2.07152603206
10.2290362954,1.95083877817
10.25281602,2.18056258385
10.2765957447,2.23160662001
10.3003754693,2.24504705513
10.324155194,2.32483734045
10.3479349186,2.27804652281
10.3717146433,2.23081859946
10.395494368,2.26744675025
10.4192740926,2.32472288521
10.4430538173,2.33570015256
10.4668335419,2.38661204634
10.4906132666,2.51001798053
10.5143929912,2.41213166498
10.5381727159,2.47617173113
10.5619524406,2.4543039088
10.5857321652,2.42370196496
10.6095118899,2.46252736007
10.6332916145,2.75283271831
10.6570713392,2.392889757
10.6808510638,2.37714971666
10.7046307885,2.33371871745
10.7284105131,2.46948542172
10.7521902378,2.43724958139
10.7759699625,2.43530055293
10.7997496871,2.56326543924
10.8235294118,2.70440476021
10.8473091364,2.76008027705
10.8710888611,2.82401773252
10.8948685857,2.63245853694
10.9186483104,2.70084009459
10.942428035,2.66313169344
10.9662077597,2.86115010321
10.9899874844,2.96363026329
11.013767209,2.83220080979
11.0375469337,3.01027915889
11.0613266583,2.85848185467
11.085106383,2.95064483042
11.1088861076,2.94721510762
11.1326658323,2.91498710716
11.1564455569,3.07087419415
11.1802252816,3.08053492557
11.2040050063,3.22812511789
11.2277847309,3.15074201452
11.2515644556,3.25720582559
11.2753441802,3.17524978926
11.2991239049,3.17133466981
11.3229036295,3.32645583263
11.3466833542,3.44988323818
11.3704630788,3.33412450599
11.3942428035,3.3528655257
11.4180225282,3.38223353034
11.4418022528,3.38910558051
11.4655819775,3.67793716502
11.4893617021,3.70381227374
11.5131414268,3.76477417117
11.5369211514,3.89632739144
11.5607008761,3.85147498385
11.5844806008,3.9682583604
11.6082603254,4.06975286431
11.6320400501,4.04072193219
11.6558197747,4.08929915185
11.6795994994,3.99286397512
11.703379224,4.05108183419
11.7271589487,4.3350401448
11.7509386733,4.45445115794
11.774718398,4.8070623785
11.7984981227,4.72903583315
11.8222778473,4.60010394448
11.846057572,4.68534479092
11.8698372966,5.04551323841
11.8936170213,4.79538480769
11.9173967459,5.02529820468
11.9411764706,4.78663704667
11.9649561952,4.92541394784
11.9887359199,4.99795441492
12.0125156446,4.83331877156
12.0362953692,4.94636787503
12.0600750939,4.95618958218
12.0838548185,4.96029364242
12.1076345432,5.01614212251
12.1314142678,5.29736860981
12.1551939925,5.40646527684
12.1789737171,5.2033576126
12.2027534418,5.4848694118
12.2265331665,5.55167985783
12.2503128911,5.54871475976
12.2740926158,5.826763344
12.2978723404,5.59816827002
12.3216520651,5.87947891047
12.3454317897,5.47291063861
12.3692115144,5.59205076308
12.392991239,5.88611757831
12.4167709637,6.21276719647
12.4405506884,6.241770575
12.464330413,6.39947740413
12.4881101377,6.26406876079
12.5118898623,5.93815074646
12.535669587,6.36090905534
12.5594493116,6.30224028876
12.5832290363,6.3715393357
12.607008761,6.51948791678
12.6307884856,6.6562741762
12.6545682103,6.5202917768
12.6783479349,7.07381378242
12.7021276596,6.69935377716
12.7259073842,6.95744123275
12.7496871089,7.30642262608
12.7734668335,7.38734277093
12.7972465582,7.44939777203
12.8210262829,7.40979385184
12.8448060075,7.10804643447
12.8685857322,7.87510051479
12.8923654568,8.0373936065
12.9161451815,8.25248484506
12.9399249061,7.78056933224
12.9637046308,7.98318309378
12.9874843554,8.69345821178
13.0112640801,8.50871342997
13.0350438048,8.77537418698
13.0588235294,8.87862095417
13.0826032541,8.80625327182
13.1063829787,8.88868916919
13.1301627034,9.27159070852
13.153942428,9.3111511615
13.1777221527,9.79487506108
13.2015018773,9.74183989264
13.225281602,10.5769638814
13.2490613267,11.1487336558
13.2728410513,10.8968706368
13.296620776,12.3982962065
13.3204005006,13.2120188153
13.3441802253,14.4303661825
13.3679599499,17.4158750753
13.3917396746,19.7196689554
13.4155193992,23.4724342859
13.4392991239,29.3277569623
13.4630788486,33.5459907622
13.4868585732,42.0138495443
13.5106382979,48.8932433878
13.5344180225,56.2339747838
13.5581977472,66.8268618843
13.5819774718,71.2914742297
13.6057571965,82.0657766025
13.6295369212,91.5744939244
13.6533166458,94.5034015377
13.6770963705,105.879880921
13.7008760951,109.363413908
13.7246558198,110.534366235
13.7484355444,117.577878623
13.7722152691,113.66160427
13.7959949937,111.703614914
13.8197747184,109.339694358
13.8435544431,104.167725222
13.8673341677,99.6208354819
13.8911138924,95.7767149844
13.914893617,87.4086091106
13.9386733417,84.3910082047
13.9624530663,74.4976458389
13.986232791,68.421221029
14.0100125156,60.8275113811
14.0337922403,53.3347880066
14.057571965,48.2934908249
14.0813516896,44.8691146181
14.1051314143,39.8283795227
14.1289111389,35.6576093791
14.1526908636,32.1014220043
14.1764705882,29.503524931
14.2002503129,27.2011138223
14.2240300375,24.7543734863
14.2478097622,23.1795622346
14.2715894869,21.6585078836
14.2953692115,20.2678823819
14.3191489362,19.3440455787
14.3429286608,17.8770054381
14.3667083855,17.5308800498
14.3904881101,16.9433751905
14.4142678348,15.883175083
14.4380475594,15.3398956309
14.4618272841,14.8535795898
14.4856070088,14.3773166078
14.5093867334,14.6291737203
14.5331664581,13.5817393303
14.5569461827,13.6958678177
14.5807259074,13.9046995143
14.604505632,13.2197400603
14.6282853567,13.7032532906
14.6520650814,13.9508614064
14.675844806,12.8867195262
14.6996245307,12.6256229308
14.7234042553,13.3544451604
14.74718398,13.3576915306
14.7709637046,13.4762912031
14.7947434293,13.4938482034
14.8185231539,12.8811501365
14.8423028786,13.0284071462
14.8660826033,12.960854418
14.8898623279,12.9524503223
14.9136420526,12.6445584582
14.9374217772,12.7592912682
14.9612015019,12.990572318
14.9849812265,13.1202901766
15.0087609512,12.4854753307
15.0325406758,12.1615909461
15.0563204005,12.1970702166
15.0801001252,12.2731109957
15.1038798498,12.3071281649
15.1276595745,12.5408858487
15.1514392991,11.7906387344
15.1752190238,12.269224644
15.1989987484,12.8909846806
15.2227784731,12.2822852377
15.2465581977,12.2393679139
15.2703379224,12.5686666038
15.2941176471,12.3517883139
15.3178973717,12.658499585
15.3416770964,12.6852603048
15.365456821,12.060350131
15.3892365457,12.7377257617
15.4130162703,13.0124594673
15.436795995,12.5860037095
15.4605757196,13.1989348211
15.4843554443,13.2830373517
15.508135169,12.7681181438
15.5319148936,13.2992500273
15.5556946183,14.1546862491
15.5794743429,13.4783535993
15.6032540676,14.0030221644
15.6270337922,14.2108936757
15.6508135169,14.1904646647
15.6745932416,14.1575417441
15.6983729662,14.4375986685
15.7221526909,14.8069144671
15.7459324155,14.335694046
15.7697121402,14.9882084607
15.7934918648,14.4491935486
15.8172715895,14.6560321839
15.8410513141,14.5901691882
15.8648310388,14.9383558569
15.8886107635,15.0180318912
15.9123904881,14.6420398776
15.9361702128,14.3438206884
15.9599499374,14.5135719699
15.9837296621,15.1952203235
16.0075093867,14.6798387899
16.0312891114,15.2841701439
16.055068836,14.3621449879
16.0788485607,14.5780275172
16.1026282854,14.9243728529
16.12640801,15.2672622247
16.1501877347,15.2938744056
16.1739674593,15.4916174076
16.197747184,15.1241279571
16.2215269086,15.1674853794
16.2453066333,14.763865293
16.2690863579,15.5075135804
16.2928660826,15.0138779453
16.3166458073,15.3509885485
16.3404255319,15.6422376094
16.3642052566,16.1583236951
16.3879849812,15.416729607
16.4117647059,15.5524557169
16.4355444305,16.2916797724
16.4593241552,16.4533662514
16.4831038798,16.046024563
16.5068836045,16.0617002822
16.5306633292,15.9705628678
16.5544430538,17.0082578839
16.5782227785,16.9211252036
16.6020025031,16.8290291323
16.6257822278,17.1504269919
16.6495619524,17.2060633365
16.6733416771,18.4814310314
16.6971214018,18.4233372731
16.7209011264,19.9673480794
16.7446808511,19.4600800707
16.7684605757,19.4455593469
16.7922403004,19.7128839905
16.816020025,20.4079299074
16.8397997497,20.6083342305
16.8635794743,20.4485181601
16.887359199,20.6949830423
16.9111389237,20.5464602808
16.9349186483,20.7813361348
16.958698373,19.8188322531
16.9824780976,19.7951737589
17.0062578223,19.7445157307
17.0300375469,20.0041995042
17.0538172716,20.3203727856
17.0775969962,20.3825436592
17.1013767209,20.7730052781
17.1251564456,20.8200996445
17.1489361702,21.4620694746
17.1727158949,22.2145037242
17.1964956195,22.0491195641
17.2202753442,22.0716390783
17.2440550688,23.3232465374
17.2678347935,24.2991075572
17.2916145181,24.75947342
17.3153942428,25.8160018477
17.3391739675,28.6345995216
17.3629536921,31.1810679639
17.3867334168,34.3556602918
17.4105131414,38.8422248887
17.4342928661,45.8987701098
17.4580725907,52.1989383274
17.4818523154,59.7671541194
17.5056320401,69.3484901226
17.5294117647,75.2761219425
17.5531914894,82.2922417311
17.576971214,90.3047746167
17.6007509387,98.9647162322
17.6245306633,106.686805207
17.648310388,114.869584203
17.6720901126,124.741579244
17.6958698373,132.103454636
17.719649562,136.412908774
17.7434292866,139.428371819
17.7672090113,140.033879368
17.7909887359,138.842113339
17.8147684606,140.012269928
17.8385481852,141.261914178
17.8623279099,141.581826545
17.8861076345,137.316778767
17.9098873592,135.39456054
17.9336670839,127.045545652
17.9574468085,118.137338361
17.9812265332,109.121607238
18.0050062578,97.8028139438
18.0287859825,88.0544938858
18.0525657071,82.3942252704
18.0763454318,74.8096557692
18.1001251564,69.5726218406
18.1239048811,63.8951625018
18.1476846058,58.7987065698
18.1714643304,53.6918582061
18.1952440551,49.5637345787
18.2190237797,45.574252175
18.2428035044,43.3200712188
18.266583229,39.7662957938
18.2903629537,37.8266748175
18.3141426783,37.4041208291
18.337922403,35.8372044188
18.3617021277,33.8028374426
18.3854818523,32.1717421078
18.409261577,31.862425369
18.4330413016,31.3953410763
18.4568210263,29.7524528718
18.4806007509,29.9950701927
18.5043804756,28.9749258151
18.5281602003,28.7287779584
18.5519399249,27.8565846608
18.5757196496,26.9333081822
18.5994993742,27.0761251348
18.6232790989,26.9274756617
18.6470588235,25.9702029552
18.6708385482,26.2225170361
18.6946182728,24.8779880814
18.7183979975,25.2321403676
18.7421777222,24.6975995699
18.7659574468,24.6102660003
18.7897371715,24.0400132326
18.8135168961,23.5971137816
18.8372966208,23.6502586071
18.8610763454,24.5140297046
18.8848560701,24.5346512442
18.9086357947,23.687984651
18.9324155194,24.0959276442
18.9561952441,23.7643875508
18.9799749687,23.9558294168
19.0037546934,24.4201432134
19.027534418,23.8956511406
19.0513141427,23.4743735096
19.0750938673,24.0610505957
19.098873592,23.6299013982
19.1226533166,25.063923431
19.1464330413,25.1636707339
19.170212766,24.7318497347
19.1939924906,24.5975949317
19.2177722153,24.8114018057
19.2415519399,24.4325202575
19.2653316646,25.2863835702
19.2891113892,25.3644239086
19.3128911139,25.3293640118
19.3366708385,25.6039352709
19.3604505632,24.8769843337
19.3842302879,26.5991341239
19.4080100125,26.645176032
19.4317897372,27.8775017089
19.4555694618,29.181182188
19.4793491865,30.1048137259
19.5031289111,32.0496035943
19.5269086358,35.0516612363
19.5506883605,40.5826377163
19.5744680851,45.9207506177
19.5982478098,53.6678100163
19.6220275344,61.7266338433
19.6458072591,71.1760307866
19.6695869837,80.8455236657
19.6933667084,87.6208381838
19.717146433,92.1762436033
19.7409261577,93.9051608507
19.7647058824,90.8952028773
19.788485607,90.2997708095
19.8122653317,92.4362267077
19.8360450563,97.8999259217
19.859824781,103.877166845
19.8836045056,111.979958131
19.9073842303,119.143728528
19.9311639549,122.447124038
19.9549436796,122.50378756
19.9787234043,113.478161642
20.0025031289,106.225274358
20.0262828536,95.4747614824
20.0500625782,88.0069373543
20.0738423029,80.0434489581
20.0976220275,74.4204341477
20.1214017522,67.5445323076
20.1451814768,64.0478670573
20.1689612015,62.5495119009
20.1927409262,55.9630588526
20.2165206508,52.0305944929
20.2403003755,47.2471289538
20.2640801001,44.0740438495
20.2878598248,38.9951199626
20.3116395494,37.778437556
20.3354192741,35.5456809712
20.3591989987,35.033754075
20.3829787234,33.1948850225
20.4067584481,31.3356710755
20.4305381727,30.6228089985
20.4543178974,28.8408548416
20.478097622,28.9489010199
20.5018773467,26.3564108664
20.5256570713,25.8755438194
20.549436796,24.8830847268
20.5732165207,23.4310760286
20.5969962453,23.5864414781
20.62077597,22.7077693159
20.6445556946,20.7380482447
20.6683354193,20.8013895555
20.6921151439,20.7947587792
20.7158948686,18.6483579811
20.7396745932,17.2972117371
20.7634543179,15.6461882512
20.7872340426,14.1471573071
20.8110137672,13.3912751853
20.8347934919,11.9587222695
20.8585732165,11.3753053718
20.8823529412,11.6113123033
20.9061326658,11.7528970976
20.9299123905,10.7773657048
20.9536921151,10.0203278767
20.9774718398,10.2041070448
21.0012515645,7.73194079957
21.0250312891,8.44391581323
21.0488110138,9.20616255078
21.0725907384,8.43112934061
21.0963704631,8.30265544407
21.1201501877,7.84269355854
21.1439299124,5.16653282347
21.167709637,2.14738311915
21.1914893617,0.766981073015
21.2152690864,0.184706589382
21.239048811,0.0285672809696
21.2628285357,0.00742315046955
21.2866082603,0.00166756426916
21.310387985,0.000835257465951
21.3341677096,0.000882936816197
21.3579474343,0.0
21.3817271589,0.0
21.4055068836,0.0
21.4292866083,0.0
21.4530663329,0.0
21.4768460576,0.0
21.5006257822,0.0
21.5244055069,0.0
21.5481852315,0.0
21.5719649562,0.0
21.5957446809,0.0
21.6195244055,0.0
21.6433041302,0.0
21.6670838548,0.0
21.6908635795,0.0
21.7146433041,0.0
21.7384230288,0.0
21.7622027534,0.0
21.7859824781,0.0
21.8097622028,0.0
21.8335419274,0.0
21.8573216521,0.0
21.8811013767,0.0
21.9048811014,0.0
21.928660826,0.0
21.9524405507,0.0
21.9762202753,0.0
22.0,0.0
