3.0,0.0
3.02377972466,0.0
3.04755944931,0.0
3.07133917397,0.0
3.09511889862,0.0
3.11889862328,0.0
3.14267834793,0.0
3.16645807259,0.0
3.19023779725,0.0
3.2140175219,0.0
3.23779724656,0.0
3.26157697121,0.0
3.28535669587,0.0
3.30913642053,0.0
3.33291614518,0.0
3.35669586984,0.0
3.38047559449,0.0
3.40425531915,0.0
3.4280350438,0.0
3.45181476846,0.0
3.47559449312,0.0
3.49937421777,0.0
3.52315394243,0.0
3.54693366708,0.0
3.57071339174,0.0
3.5944931164,0.0
3.61827284105,0.0
3.64205256571,0.0
3.66583229036,0.0
3.68961201502,0.0
3.71339173967,0.0
3.73717146433,0.0
3.76095118899,0.0
3.78473091364,0.0
3.8085106383,0.0
3.83229036295,0.0
3.85607008761,0.0
3.87984981227,0.0
3.90362953692,0.0
3.92740926158,0.0
3.95118898623,0.0
3.97496871089,0.0
3.99874843554,0.0
4.0225281602,0.0
4.04630788486,0.0
4.07008760951,0.0
4.09386733417,0.0
4.11764705882,0.0
4.14142678348,0.0
4.16520650814,0.0
4.18898623279,0.0
4.21276595745,0.0
4.2365456821,0.0
4.26032540676,0.0
4.28410513141,0.0
4.30788485607,0.0
4.33166458073,0.0
4.35544430538,0.0
4.37922403004,0.0
4.40300375469,0.0
4.42678347935,0.0
4.45056320401,0.0
4.47434292866,0.0
4.49812265332,0.0
4.52190237797,0.0
4.54568210263,0.0
4.56946182728,0.0
4.59324155194,0.0
4.6170212766,0.0
4.64080100125,0.0
4.66458072591,0.0
4.68836045056,0.0
4.71214017522,0.0
4.73591989987,0.0
4.75969962453,0.0
4.78347934919,0.0
4.80725907384,0.0
4.8310387985,0.0
4.85481852315,0.0
4.87859824781,0.0
4.90237797247,0.0
4.92615769712,0.0
4.94993742178,0.0
4.97371714643,0.0
4.99749687109,0.0
5.02127659574,0.0
5.0450563204,0.0
5.06883604506,0.0
5.09261576971,0.0
5.11639549437,0.0
5.14017521902,0.0
5.16395494368,0.0
5.18773466834,0.0
5.21151439299,0.0
5.23529411765,0.0
5.2590738423,0.0
5.28285356696,0.0
5.30663329161,0.0
5.33041301627,0.0
5.35419274093,0.0
5.37797246558,0.0
5.40175219024,0.0
5.42553191489,0.0
5.44931163955,0.0
5.47309136421,0.0
5.49687108886,0.0
5.52065081352,0.0
5.54443053817,0.0
5.56821026283,0.0
5.59198998748,0.0
5.61576971214,0.0
5.6395494368,0.0
5.66332916145,0.0
5.68710888611,0.0
5.71088861076,0.0
5.73466833542,0.0
5.75844806008,0.0
5.78222778473,0.0
5.80600750939,0.0
5.82978723404,0.0
5.8535669587,0.0
5.87734668335,0.0
5.90112640801,0.0
5.92490613267,0.0
5.94868585732,0.0
5.97246558198,0.0
5.99624530663,0.0
6.02002503129,0.0
6.04380475594,0.0
6.0675844806,0.0
6.09136420526,0.0
6.11514392991,0.0
6.13892365457,0.0
6.16270337922,0.0
6.18648310388,0.0
6.21026282854,0.0
6.23404255319,0.0
6.25782227785,0.0
6.2816020025,0.0
6.30538172716,0.0
6.32916145181,0.0
6.35294117647,0.0
6.37672090113,0.0
6.40050062578,0.0
6.42428035044,0.0
6.44806007509,0.0
6.47183979975,0.0
6.49561952441,0.0
6.51939924906,0.0
6.54317897372,0.0
6.56695869837,0.0
6.59073842303,0.0
6.61451814768,0.0
6.63829787234,0.0
6.662077597,0.0
6.68585732165,0.0
6.70963704631,0.0
6.73341677096,0.0
6.75719649562,0.0
6.78097622028,0.0
6.80475594493,0.0
6.82853566959,0.0
6.85231539424,0.0
6.8760951189,0.0
6.89987484355,0.0
6.92365456821,0.0
6.94743429287,0.0
6.97121401752,0.0
6.99499374218,0.0
7.01877346683,0.0
7.04255319149,0.0
7.06633291615,0.0
7.0901126408,0.0
7.11389236546,0.0
7.13767209011,0.0
7.16145181477,0.0
7.18523153942,0.0
7.20901126408,0.0
7.23279098874,0.0
7.25657071339,0.0
7.28035043805,0.0
7.3041301627,0.0
7.32790988736,0.0
7.35168961202,0.0
7.37546933667,0.0
7.39924906133,0.0
7.42302878598,0.0
7.44680851064,0.0
7.47058823529,0.0
7.49436795995,0.0
7.51814768461,0.0
7.54192740926,0.0
7.56570713392,0.0
7.58948685857,0.0
7.61326658323,0.0
7.63704630788,0.0
7.66082603254,0.0
7.6846057572,0.0
7.70838548185,0.0
7.73216520651,0.0
7.75594493116,0.0
7.77972465582,0.0
7.80350438048,0.0
7.82728410513,0.0
7.85106382979,0.0
7.87484355444,0.0
7.8986232791,0.0
7.92240300375,0.0
7.94618272841,0.0
7.96996245307,0.0
7.99374217772,0.0
8.01752190238,0.0
8.04130162703,0.0
8.06508135169,0.0
8.08886107635,0.0
8.112640801,0.0
8.13642052566,0.0
8.16020025031,0.0
8.18397997497,0.0
8.20775969962,0.0
8.23153942428,0.0
8.25531914894,0.0
8.27909887359,0.0
8.30287859825,0.0
8.3266583229,0.0
8.35043804756,0.0
8.37421777222,0.0
8.39799749687,0.0
8.42177722153,0.0
8.44555694618,0.0
8.46933667084,0.0
8.49311639549,0.0
8.51689612015,0.0
8.54067584481,0.0
8.56445556946,0.0
8.58823529412,0.0
8.61201501877,0.0
8.63579474343,0.0
8.65957446809,0.0
8.68335419274,0.0
8.7071339174,0.0
8.73091364205,0.0
8.75469336671,0.0
8.77847309136,0.0
8.80225281602,0.0
8.82603254068,0.0
8.84981226533,0.0
8.87359198999,0.0
8.89737171464,0.0
8.9211514393,0.0
8.94493116395,0.0
8.96871088861,0.0
8.99249061327,0.0
9.01627033792,0.0
9.04005006258,0.0
9.06382978723,0.0
9.08760951189,0.0
9.11138923655,0.0
9.1351689612,0.0
9.15894868586,0.0
9.18272841051,0.0
9.20650813517,0.0
9.23028785982,0.0
9.25406758448,0.0
9.27784730914,0.0
9.30162703379,0.0
9.32540675845,0.0
9.3491864831,0.0
9.37296620776,0.0
9.39674593242,0.0
9.42052565707,0.0
9.44430538173,0.0
9.46808510638,0.0
9.49186483104,0.0
9.51564455569,0.0
9.53942428035,0.0
9.56320400501,0.0
9.58698372966,0.0
9.61076345432,0.0
9.63454317897,0.0
9.65832290363,0.0
9.68210262829,0.0
9.70588235294,0.0
9.7296620776,0.0
9.75344180225,0.0
9.77722152691,0.0
9.80100125156,0.0
9.82478097622,0.0
9.84856070088,0.0
9.87234042553,0.0
9.89612015019,0.0
9.91989987484,0.0
9.9436795995,0.0
9.96745932416,0.0
9.99123904881,0.0
10.0150187735,0.0
10.0387984981,0.0
10.0625782228,0.0
10.0863579474,0.0
10.1101376721,0.0
10.1339173967,0.0
10.1576971214,0.0
10.1814768461,0.0
10.2052565707,0.0
10.2290362954,0.0
10.25281602,0.0
10.2765957447,0.0
10.3003754693,0.0
10.324155194,0.0
10.3479349186,0.0
10.3717146433,0.0
10.395494368,0.0
10.4192740926,0.0
10.4430538173,0.0
10.4668335419,0.0
10.4906132666,0.0
10.5143929912,0.0
10.5381727159,0.0
10.5619524406,0.0
10.5857321652,0.0
10.6095118899,0.0
10.6332916145,0.0
10.6570713392,0.0
10.6808510638,0.0
10.7046307885,0.0
10.7284105131,0.0
10.7521902378,0.0
10.7759699625,0.0
10.7997496871,0.0
10.8235294118,0.0
10.8473091364,0.0
10.8710888611,0.0
10.8948685857,0.0
10.9186483104,0.0
10.942428035,0.0
10.9662077597,0.0
10.9899874844,0.0
11.013767209,0.0
11.0375469337,0.0
11.0613266583,0.0
11.085106383,0.0
11.1088861076,0.0
11.1326658323,0.0
11.1564455569,0.0
11.1802252816,0.0
11.2040050063,0.0
11.2277847309,0.0
11.2515644556,0.0
11.2753441802,0.0
11.2991239049,0.0
11.3229036295,0.0
11.3466833542,0.0
11.3704630788,0.0
11.3942428035,0.0
11.4180225282,0.0
11.4418022528,0.0
11.4655819775,0.0
11.4893617021,0.0
11.5131414268,0.0
11.5369211514,0.0
11.5607008761,0.0
11.5844806008,0.0
11.6082603254,0.0
11.6320400501,0.0
11.6558197747,0.0
11.6795994994,0.0
11.703379224,0.0
11.7271589487,0.0
11.7509386733,0.0
11.774718398,0.0
11.7984981227,0.0
11.8222778473,0.0
11.846057572,0.0
11.8698372966,0.0
11.8936170213,0.0
11.9173967459,0.0
11.9411764706,0.0
11.9649561952,0.0
11.9887359199,0.0
12.0125156446,0.0
12.0362953692,0.0
12.0600750939,0.0
12.0838548185,0.0
12.1076345432,0.0
12.1314142678,0.0
12.1551939925,0.0
12.1789737171,0.0
12.2027534418,0.0
12.2265331665,0.0
12.2503128911,0.0
12.2740926158,0.0
12.2978723404,0.0
12.3216520651,0.0
12.3454317897,0.0
12.3692115144,0.0
12.392991239,0.0
12.4167709637,0.0
12.4405506884,0.0
12.464330413,0.0
12.4881101377,0.0
12.5118898623,0.0
12.535669587,0.0
12.5594493116,0.0
12.5832290363,0.0
12.607008761,0.0
12.6307884856,0.0
12.6545682103,0.0
12.6783479349,0.0
12.7021276596,0.0
12.7259073842,0.0
12.7496871089,0.0
12.7734668335,0.0
12.7972465582,0.0
12.8210262829,0.0
12.8448060075,0.0
12.8685857322,0.0
12.8923654568,0.0
12.9161451815,0.0
12.9399249061,0.0
12.9637046308,0.0
12.9874843554,0.0
13.0112640801,0.0
13.0350438048,0.0
13.0588235294,0.0
13.0826032541,0.0
13.1063829787,0.0
13.1301627034,0.0
13.153942428,0.0
13.1777221527,0.0
13.2015018773,0.0
13.225281602,0.0
13.2490613267,0.0
13.2728410513,0.0
13.296620776,0.0
13.3204005006,0.0
13.3441802253,0.0
13.3679599499,0.0
13.3917396746,0.0
13.4155193992,0.0
13.4392991239,0.0
13.4630788486,0.0
13.4868585732,0.0
13.5106382979,0.0
13.5344180225,0.0
13.5581977472,0.0
13.5819774718,0.0
13.6057571965,0.0
13.6295369212,0.0
13.6533166458,0.0
13.6770963705,0.0
13.7008760951,0.0
13.7246558198,0.0
13.7484355444,0.0
13.7722152691,0.0
13.7959949937,0.0
13.8197747184,0.0
13.8435544431,0.0
13.8673341677,0.0
13.8911138924,0.0
13.914893617,0.0
13.9386733417,0.0
13.9624530663,0.0
13.986232791,0.0
14.0100125156,0.0
14.0337922403,0.0
14.057571965,0.0
14.0813516896,0.0
14.1051314143,0.0
14.1289111389,0.0
14.1526908636,0.0
14.1764705882,0.0
14.2002503129,0.0
14.2240300375,0.0
14.2478097622,0.0
14.2715894869,0.0
14.2953692115,0.0
14.3191489362,0.0
14.3429286608,0.0
14.3667083855,0.0
14.3904881101,0.0
14.4142678348,0.0
14.4380475594,0.0
14.4618272841,0.0
14.4856070088,0.0
14.5093867334,0.0
14.5331664581,0.0
14.5569461827,0.0
14.5807259074,0.0
14.604505632,0.0
14.6282853567,0.0
14.6520650814,0.0
14.675844806,0.0
14.6996245307,0.0
14.7234042553,0.0
14.74718398,0.0
14.7709637046,0.0
14.7947434293,0.0
14.8185231539,0.0
14.8423028786,0.0
14.8660826033,0.0
14.8898623279,0.0
14.9136420526,0.0
14.9374217772,0.0
14.9612015019,0.0
14.9849812265,0.0
15.0087609512,0.0
15.0325406758,0.0
15.0563204005,0.0
15.0801001252,0.0
15.1038798498,0.0
15.1276595745,0.0
15.1514392991,0.0
15.1752190238,0.0
15.1989987484,0.0
15.2227784731,0.0
15.2465581977,0.0
15.2703379224,0.0
15.2941176471,0.0
15.3178973717,0.0
15.3416770964,0.0
15.365456821,0.0
15.3892365457,0.0
15.4130162703,0.0
15.436795995,0.0
15.4605757196,0.0
15.4843554443,0.0
15.508135169,0.0
15.5319148936,0.0
15.5556946183,0.0
15.5794743429,0.0
15.6032540676,0.0
15.6270337922,0.0
15.6508135169,0.0
15.6745932416,0.0
15.6983729662,0.0
15.7221526909,0.0
15.7459324155,0.0
15.7697121402,0.0
15.7934918648,0.0
15.8172715895,0.0
15.8410513141,0.0
15.8648310388,0.0
15.8886107635,0.0
15.9123904881,0.0
15.9361702128,0.0
15.9599499374,0.0
15.9837296621,0.0
16.0075093867,0.0
16.0312891114,0.0
16.055068836,0.0
16.0788485607,0.0
16.1026282854,0.0
16.12640801,0.0
16.1501877347,0.0
16.1739674593,0.0
16.197747184,0.0
16.2215269086,0.0
16.2453066333,0.0
16.2690863579,0.0
16.2928660826,0.0
16.3166458073,0.0
16.3404255319,0.0
16.3642052566,0.0
16.3879849812,0.0
16.4117647059,0.0
16.4355444305,0.0
16.4593241552,0.0
16.4831038798,0.0
16.5068836045,0.0
16.5306633292,0.0
16.5544430538,0.0
16.5782227785,0.0
16.6020025031,0.0
16.6257822278,0.0
16.6495619524,0.0
16.6733416771,0.0
16.6971214018,0.0
16.7209011264,0.0
16.7446808511,0.0
16.7684605757,0.0
16.7922403004,0.0
16.816020025,0.0
16.8397997497,0.0
16.8635794743,0.0
16.887359199,0.0
16.9111389237,0.0
16.9349186483,0.0
16.958698373,0.0
16.9824780976,0.0
17.0062578223,0.0
17.0300375469,0.0
17.0538172716,0.0
17.0775969962,0.0
17.1013767209,0.0
17.1251564456,0.0
17.1489361702,0.0
17.1727158949,0.0
17.1964956195,0.0
17.2202753442,0.0
17.2440550688,0.0
17.2678347935,0.0
17.2916145181,0.00852077209856
17.3153942428,0.0148709645146
17.3391739675,0.056214775308
17.3629536921,0.0495636121486
17.3867334168,0.0399688321049
17.4105131414,0.0445870071417
17.4342928661,0.107602454198
17.4580725907,0.199544577161
17.4818523154,0.208116094756
17.5056320401,0.304301292403
17.5294117647,0.256219912437
17.5531914894,0.238343130855
17.576971214,0.206819886691
17.6007509387,0.260789133084
17.6245306633,0.351523079735
17.648310388,0.409287972725
17.6720901126,0.362479340518
17.6958698373,0.374291065615
17.719649562,0.414942248608
17.7434292866,0.445086984546
17.7672090113,0.567737288715
17.7909887359,0.462069798261
17.8147684606,0.34219849814
17.8385481852,0.454230578966
17.8623279099,0.428165109013
17.8861076345,0.48180022178
17.9098873592,0.564306418004
17.9336670839,0.588290516112
17.9574468085,0.664690162404
17.9812265332,0.770011577522
18.0050062578,0.679138170555
18.0287859825,0.637474410702
18.0525657071,0.698810045549
18.0763454318,0.705223732744
18.1001251564,0.779886628443
18.1239048811,0.859919845243
18.1476846058,1.02224577178
18.1714643304,1.02901071112
18.1952440551,1.11487838975
18.2190237797,1.14366362285
18.2428035044,1.47030815191
18.266583229,1.33887879062
18.2903629537,1.671723484
18.3141426783,1.54523769126
18.337922403,1.84486416442
18.3617021277,1.71697825321
18.3854818523,1.95266047929
18.409261577,2.04812430276
18.4330413016,2.10891394829
18.4568210263,2.29523582663
18.4806007509,2.58197958081
18.5043804756,2.68373978004
18.5281602003,2.82764300151
18.5519399249,2.79494359961
18.5757196496,3.02814048599
18.5994993742,3.19643814221
18.6232790989,3.31256203039
18.6470588235,3.47536822828
18.6708385482,3.82611320697
18.6946182728,3.88950262545
18.7183979975,4.45557727973
18.7421777222,4.83010402846
18.7659574468,5.21691818314
18.7897371715,4.91179664829
18.8135168961,4.9334334688
18.8372966208,5.48849180067
18.8610763454,5.45904307574
18.8848560701,5.93214261485
18.9086357947,6.39256281673
18.9324155194,6.58321444399
18.9561952441,6.78983876662
18.9799749687,7.17291041423
19.0037546934,7.49840451655
19.027534418,8.31149325287
19.0513141427,8.13522409101
19.0750938673,8.35297150968
19.098873592,8.58392909577
19.1226533166,8.93839678436
19.1464330413,9.73494944506
19.170212766,10.208599836
19.1939924906,10.6789300552
19.2177722153,11.1697183165
19.2415519399,12.0727938864
19.2653316646,12.3746241625
19.2891113892,13.659315903
19.3128911139,14.6166908574
19.3366708385,16.1916726095
19.3604505632,18.5329323592
19.3842302879,21.5473164915
19.4080100125,25.0749110043
19.4317897372,29.7945116676
19.4555694618,38.2978092081
19.4793491865,47.3796315013
19.5031289111,56.9728870806
19.5269086358,64.8134160559
19.5506883605,73.3891851368
19.5744680851,76.8659282052
19.5982478098,78.4866196112
19.6220275344,78.1126512379
19.6458072591,80.8465153856
19.6695869837,87.1228114002
19.6933667084,96.6274207893
19.717146433,104.528706024
19.7409261577,119.954845048
19.7647058824,124.974147263
19.788485607,126.342208206
19.8122653317,127.186112646
19.8360450563,118.555967686
19.859824781,111.684456523
19.8836045056,104.509393868
19.9073842303,96.8486788862
19.9311639549,88.6438673764
19.9549436796,83.8672260057
19.9787234043,78.216507344
20.0025031289,75.4983924291
20.0262828536,70.998087664
20.0500625782,68.8242611987
20.0738423029,64.8711750308
20.0976220275,61.5711732786
20.1214017522,58.3294408153
20.1451814768,55.5768044446
20.1689612015,54.796726912
20.1927409262,51.2341291314
20.2165206508,49.819074247
20.2403003755,48.5869588827
20.2640801001,48.8369906966
20.2878598248,48.7847838249
20.3116395494,48.6269905635
20.3354192741,48.5653293042
20.3591989987,51.858861357
20.3829787234,57.2352900124
20.4067584481,62.8088035689
20.4305381727,54.8500220593
20.4543178974,52.8266333732
20.478097622,52.7589255797
20.5018773467,53.393821795
20.5256570713,54.9060023007
20.549436796,56.8663114136
20.5732165207,58.9321581108
20.5969962453,60.8467329481
20.62077597,62.4570476494
20.6445556946,65.1182063504
20.6683354193,71.1638316538
20.6921151439,67.2719650657
20.7158948686,69.695444355
20.7396745932,73.0521185485
20.7634543179,75.0171810011
20.7872340426,80.9271035862
20.8110137672,84.0525385542
20.8347934919,86.7463043845
20.8585732165,90.4687160334
20.8823529412,95.3031316634
20.9061326658,95.715679066
20.9299123905,96.0790773066
20.9536921151,95.4559053973
20.9774718398,95.6430007243
21.0012515645,95.213746882
21.0250312891,96.9389153277
21.0488110138,96.3436381546
21.0725907384,98.1501322755
21.0963704631,99.4213541659
21.1201501877,101.475269659
21.1439299124,101.673788673
21.167709637,105.033559631
21.1914893617,105.795234364
21.2152690864,108.891017406
21.239048811,109.457659994
21.2628285357,112.968319042
21.2866082603,116.684624452
21.310387985,119.722039484
21.3341677096,124.135489449
21.3579474343,131.485395975
21.3817271589,140.02535124
21.4055068836,153.258122809
21.4292866083,170.231458765
21.4530663329,192.856337425
21.4768460576,218.562875473
21.5006257822,242.077268165
21.5244055069,271.678702744
21.5481852315,290.114815597
21.5719649562,303.429735197
21.5957446809,309.164169927
21.6195244055,308.688855568
21.6433041302,305.978525661
21.6670838548,318.827434976
21.6908635795,328.483681128
21.7146433041,346.849193907
21.7384230288,373.832930767
21.7622027534,402.939111111
21.7859824781,418.98095558
21.8097622028,435.447665147
21.8335419274,446.665398424
21.8573216521,431.347649001
21.8811013767,415.924251975
21.9048811014,392.111244245
21.928660826,370.767596169
21.9524405507,338.649310088
21.9762202753,318.105939761
22.0,150.994279854
