3.0,0.0
3.02377972466,0.0
3.04755944931,0.0
3.07133917397,0.0
3.09511889862,0.0
3.11889862328,0.0
3.14267834793,0.0
3.16645807259,0.0
3.19023779725,0.0
3.2140175219,0.0
3.23779724656,0.0
3.26157697121,0.0
3.28535669587,0.0
3.30913642053,0.0
3.33291614518,0.0
3.35669586984,0.0
3.38047559449,0.0
3.40425531915,0.0
3.4280350438,0.0
3.45181476846,0.0
3.47559449312,0.0
3.49937421777,0.0
3.52315394243,0.0
3.54693366708,0.0
3.57071339174,0.0
3.5944931164,0.0
3.61827284105,0.0
3.64205256571,0.0
3.66583229036,0.0
3.68961201502,0.0
3.71339173967,0.0
3.73717146433,0.0
3.76095118899,0.0
3.78473091364,0.0
3.8085106383,0.0
3.83229036295,0.0
3.85607008761,0.0
3.87984981227,0.0
3.90362953692,0.0
3.92740926158,0.0
3.95118898623,0.0
3.97496871089,0.0
3.99874843554,0.0
4.0225281602,0.0
4.04630788486,0.0
4.07008760951,0.0
4.09386733417,0.0
4.11764705882,0.0
4.14142678348,0.0
4.16520650814,0.0
4.18898623279,0.0
4.21276595745,0.0
4.2365456821,0.0
4.26032540676,0.0
4.28410513141,0.0
4.30788485607,0.0
4.33166458073,0.0
4.35544430538,0.0
4.37922403004,0.0
4.40300375469,0.0
4.42678347935,0.0
4.45056320401,0.0
4.47434292866,0.0
4.49812265332,0.0
4.52190237797,0.0
4.54568210263,0.0
4.56946182728,0.0
4.59324155194,0.0
4.6170212766,0.0
4.64080100125,0.0
4.66458072591,0.0
4.68836045056,0.0
4.71214017522,0.0
4.73591989987,0.0
4.75969962453,0.0
4.78347934919,0.0
4.80725907384,0.0
4.8310387985,0.0
4.85481852315,0.0
4.87859824781,0.0
4.90237797247,0.0
4.92615769712,0.0
4.94993742178,0.0
4.97371714643,0.0
4.99749687109,0.0
5.02127659574,0.0
5.0450563204,0.0
5.06883604506,0.0
5.09261576971,0.0
5.11639549437,0.0
5.14017521902,0.0
5.16395494368,0.0
5.18773466834,0.0
5.21151439299,0.0
5.23529411765,0.0
5.2590738423,0.0
5.28285356696,0.0
5.30663329161,0.0
5.33041301627,0.0
5.35419274093,0.0
5.37797246558,0.0
5.40175219024,0.0
5.42553191489,0.0
5.44931163955,0.0
5.47309136421,0.0
5.49687108886,0.0
5.52065081352,0.0
5.54443053817,0.0
5.56821026283,0.0
5.59198998748,0.0
5.61576971214,0.0
5.6395494368,0.0
5.66332916145,0.0
5.68710888611,0.0
5.71088861076,0.0
5.73466833542,0.0
5.75844806008,0.0
5.78222778473,0.0
5.80600750939,0.0
5.82978723404,0.0
5.8535669587,0.0
5.87734668335,0.0
5.90112640801,0.0
5.92490613267,0.0
5.94868585732,0.0
5.97246558198,0.0
5.99624530663,0.0
6.02002503129,0.0
6.04380475594,0.0
6.0675844806,0.0
6.09136420526,0.0
6.11514392991,0.0
6.13892365457,0.141386690761
6.16270337922,0.123663941311
6.18648310388,0.205821285916
6.21026282854,0.35140180063
6.23404255319,0.412266094948
6.25782227785,0.281961126433
6.2816020025,0.403256605336
6.30538172716,0.324074519608
6.32916145181,0.594716683775
6.35294117647,0.51040127821
6.37672090113,0.753711129813
6.40050062578,0.849017972942
6.42428035044,0.749505003733
6.44806007509,1.38610153806
6.47183979975,1.69256743436
6.49561952441,1.40935092226
6.51939924906,1.59640932642
6.54317897372,1.42437179802
6.56695869837,1.24914141896
6.59073842303,1.70911662086
6.61451814768,2.09161965865
6.63829787234,1.68357399232
6.662077597,2.00048293428
6.68585732165,2.24492469349
6.70963704631,1.239737582
6.73341677096,1.46124871138
6.75719649562,2.17700366086
6.78097622028,2.49226856573
6.80475594493,2.72556521374
6.82853566959,1.78397456506
6.85231539424,3.1157546548
6.8760951189,3.85544442695
6.89987484355,2.10406359479
6.92365456821,2.0659476832
6.94743429287,1.81321156616
6.97121401752,2.11919269123
6.99499374218,2.12224945316
7.01877346683,2.37533339356
7.04255319149,1.9583640743
7.06633291615,1.52175272177
7.0901126408,1.57478656282
7.11389236546,1.7630453411
7.13767209011,2.06495301305
7.16145181477,2.29651830599
7.18523153942,1.76622924989
7.20901126408,2.39269399446
7.23279098874,3.00075013564
7.25657071339,2.37322102612
7.28035043805,1.97956746669
7.3041301627,1.92182836307
7.32790988736,2.15578511576
7.35168961202,2.1604913961
7.37546933667,2.24595396685
7.39924906133,1.74648211
7.42302878598,1.45957992719
7.44680851064,1.03623379052
7.47058823529,1.56227650169
7.49436795995,0.994268237223
7.51814768461,1.24972869856
7.54192740926,2.24457461065
7.56570713392,1.42955118732
7.58948685857,1.35093364946
7.61326658323,1.74213321693
7.63704630788,2.22691860314
7.66082603254,2.07356345295
7.6846057572,1.24564815756
7.70838548185,0.940427642445
7.73216520651,1.18416304851
7.75594493116,1.98713877126
7.77972465582,2.97784632675
7.80350438048,2.84389886383
7.82728410513,1.57880167809
7.85106382979,1.63949030354
7.87484355444,1.46197546816
7.8986232791,1.9515282164
7.92240300375,2.37565954834
7.94618272841,2.32844779847
7.96996245307,2.72992096492
7.99374217772,2.73752825039
8.01752190238,1.95289973325
8.04130162703,1.85597129601
8.06508135169,1.55569049698
8.08886107635,1.96483828754
8.112640801,1.6705790791
8.13642052566,1.79925613397
8.16020025031,1.78907509948
8.18397997497,2.01657389418
8.20775969962,2.04842971972
8.23153942428,2.31909367937
8.25531914894,2.83076681448
8.27909887359,2.75759284331
8.30287859825,1.96589550448
8.3266583229,2.46578259759
8.35043804756,2.28069803869
8.37421777222,2.63601359222
8.39799749687,2.42973144289
8.42177722153,2.47628166092
8.44555694618,2.40859146494
8.46933667084,2.58900916643
8.49311639549,2.24992550464
8.51689612015,2.41214747647
8.54067584481,1.63474276793
8.56445556946,1.67752719767
8.58823529412,1.60537736343
8.61201501877,2.16076417262
8.63579474343,2.50605015535
8.65957446809,2.28298588212
8.68335419274,2.68461856067
8.7071339174,2.7328825174
8.73091364205,2.78318817564
8.75469336671,2.09293575054
8.77847309136,2.62862268944
8.80225281602,2.70949423175
8.82603254068,3.43771036041
8.84981226533,3.9083432535
8.87359198999,3.8139412173
8.89737171464,3.62806088663
8.9211514393,4.19595419709
8.94493116395,3.72334689204
8.96871088861,3.83785659196
8.99249061327,4.49016447308
9.01627033792,5.55467902143
9.04005006258,5.0659823408
9.06382978723,4.46848036242
9.08760951189,5.06581642054
9.11138923655,5.07234566708
9.1351689612,4.01190651563
9.15894868586,4.37562249268
9.18272841051,4.94938682624
9.20650813517,5.25037872316
9.23028785982,5.86940630961
9.25406758448,5.55416881313
9.27784730914,5.28316399048
9.30162703379,6.17442955366
9.32540675845,5.86080198123
9.3491864831,5.67786311535
9.37296620776,6.80471483807
9.39674593242,7.17270259776
9.42052565707,6.84948654796
9.44430538173,7.05042802279
9.46808510638,8.11123466175
9.49186483104,9.42913700773
9.51564455569,9.36636552995
9.53942428035,9.94975797178
9.56320400501,10.4247403967
9.58698372966,10.708070922
9.61076345432,12.533521566
9.63454317897,15.2023757494
9.65832290363,16.0627546723
9.68210262829,16.1383900503
9.70588235294,16.6228183182
9.7296620776,18.7833801106
9.75344180225,17.3832590951
9.77722152691,16.1633676914
9.80100125156,16.721169786
9.82478097622,16.8736180672
9.84856070088,17.1784477182
9.87234042553,15.1202183665
9.89612015019,14.62593795
9.91989987484,13.206903382
9.9436795995,13.0498068047
9.96745932416,14.5255952343
9.99123904881,15.4660814728
10.0150187735,14.7750312825
10.0387984981,14.1774931595
10.0625782228,13.5581325624
10.0863579474,12.9988623716
10.1101376721,14.5709762918
10.1339173967,13.5931800799
10.1576971214,14.2740464493
10.1814768461,14.0099085042
10.2052565707,14.1734838692
10.2290362954,15.4834369433
10.25281602,15.1756373885
10.2765957447,14.2650095278
10.3003754693,15.4616915527
10.324155194,15.0029109279
10.3479349186,15.3021560681
10.3717146433,16.6336399941
10.395494368,18.0800878647
10.4192740926,17.7153217532
10.4430538173,16.8002899419
10.4668335419,17.3337580945
10.4906132666,19.4249172544
10.5143929912,19.4737157513
10.5381727159,19.2345239093
10.5619524406,17.6190183951
10.5857321652,17.6351997866
10.6095118899,16.8722603013
10.6332916145,17.4526726674
10.6570713392,18.0320135502
10.6808510638,18.0551970837
10.7046307885,18.6041648587
10.7284105131,18.8784665191
10.7521902378,18.7644739103
10.7759699625,19.4388871589
10.7997496871,19.8667054124
10.8235294118,20.1500104984
10.8473091364,19.3327638994
10.8710888611,21.4544153721
10.8948685857,22.8046984614
10.9186483104,24.1644088783
10.942428035,23.2051088003
10.9662077597,23.1312829298
10.9899874844,25.3662970024
11.013767209,21.8336902847
11.0375469337,20.5958015225
11.0613266583,20.4934051601
11.085106383,20.3940264706
11.1088861076,22.5166328916
11.1326658323,22.565176071
11.1564455569,23.101326822
11.1802252816,22.6539403148
11.2040050063,24.1763197709
11.2277847309,25.1665712537
11.2515644556,26.5161764483
11.2753441802,27.703023675
11.2991239049,28.0863094592
11.3229036295,27.5047971255
11.3466833542,28.7509574537
11.3704630788,28.3101011845
11.3942428035,28.835128538
11.4180225282,27.2704007161
11.4418022528,29.2503460059
11.4655819775,27.5669583387
11.4893617021,31.1569876391
11.5131414268,27.9920555231
11.5369211514,28.2935897992
11.5607008761,27.868885827
11.5844806008,29.4313645771
11.6082603254,29.1225611801
11.6320400501,31.1627804468
11.6558197747,29.6032356312
11.6795994994,29.2327709421
11.703379224,31.9144494584
11.7271589487,33.1131566532
11.7509386733,34.3050062171
11.774718398,34.5045477276
11.7984981227,32.3879948714
11.8222778473,33.8850553438
11.846057572,35.1647744265
11.8698372966,33.3822653541
11.8936170213,33.9961647268
11.9173967459,34.0282141777
11.9411764706,34.1944799817
11.9649561952,33.3082676036
11.9887359199,35.4206139066
12.0125156446,35.8918964978
12.0362953692,36.6579730719
12.0600750939,35.6248269164
12.0838548185,34.5665247299
12.1076345432,36.1268293847
12.1314142678,35.8240602918
12.1551939925,38.0881438916
12.1789737171,39.38460147
12.2027534418,39.6202855004
12.2265331665,41.0136581755
12.2503128911,40.4093374534
12.2740926158,40.3729810855
12.2978723404,40.0693662431
12.3216520651,40.4300184596
12.3454317897,39.6874919971
12.3692115144,41.7298065741
12.392991239,42.313489974
12.4167709637,40.0927108982
12.4405506884,40.945463726
12.464330413,44.0416547611
12.4881101377,47.0019496089
12.5118898623,45.5429033372
12.535669587,44.4508417367
12.5594493116,46.1691263147
12.5832290363,42.9707474783
12.607008761,43.5199585414
12.6307884856,47.3207750204
12.6545682103,49.7001860402
12.6783479349,47.8707010247
12.7021276596,46.8149814719
12.7259073842,49.8773976288
12.7496871089,50.0451469589
12.7734668335,52.6599062475
12.7972465582,52.639852321
12.8210262829,51.9668294114
12.8448060075,53.8779964875
12.8685857322,53.8257089492
12.8923654568,54.6471810389
12.9161451815,55.0332695295
12.9399249061,55.6200136538
12.9637046308,55.3179165194
12.9874843554,56.7467824359
13.0112640801,56.9489123774
13.0350438048,59.9176395915
13.0588235294,61.3447009681
13.0826032541,60.9174075516
13.1063829787,63.1930062912
13.1301627034,66.439751151
13.153942428,66.557678315
13.1777221527,69.8939757184
13.2015018773,74.4245429044
13.225281602,79.307906567
13.2490613267,88.9740455298
13.2728410513,98.0012942532
13.296620776,112.659042893
13.3204005006,125.059443985
13.3441802253,159.332045445
13.3679599499,187.941574632
13.3917396746,212.064149626
13.4155193992,260.721778675
13.4392991239,316.390329346
13.4630788486,361.35308163
13.4868585732,430.235228056
13.5106382979,458.41584415
13.5344180225,507.981602584
13.5581977472,540.232803927
13.5819774718,552.519506858
13.6057571965,610.051573798
13.6295369212,610.134284447
13.6533166458,646.077665151
13.6770963705,671.088566123
13.7008760951,645.015453321
13.7246558198,654.375765236
13.7484355444,619.688992009
13.7722152691,596.569109708
13.7959949937,584.819394002
13.8197747184,549.045575965
13.8435544431,532.075796587
13.8673341677,504.136459033
13.8911138924,486.30908667
13.914893617,463.072708344
13.9386733417,429.232677728
13.9624530663,412.281165177
13.986232791,375.209647923
14.0100125156,342.505247708
14.0337922403,310.83698157
14.057571965,273.418291214
14.0813516896,257.128610004
14.1051314143,227.888749146
14.1289111389,200.990525669
14.1526908636,182.44730637
14.1764705882,171.948495517
14.2002503129,157.376293776
14.2240300375,143.53584411
14.2478097622,131.842665246
14.2715894869,119.406474187
14.2953692115,115.597894205
14.3191489362,109.10225365
14.3429286608,106.017263614
14.3667083855,96.0475037522
14.3904881101,93.829752353
14.4142678348,94.1065135328
14.4380475594,86.2029610465
14.4618272841,83.3648513504
14.4856070088,86.2825116599
14.5093867334,82.7074402715
14.5331664581,81.9108708745
14.5569461827,74.4213836068
14.5807259074,77.0501796686
14.604505632,77.7460871351
14.6282853567,73.7562365246
14.6520650814,74.8713747463
14.675844806,72.7287327515
14.6996245307,74.5955785397
14.7234042553,76.323725086
14.74718398,73.4355783583
14.7709637046,74.0389704232
14.7947434293,73.2540818772
14.8185231539,71.1866206463
14.8423028786,70.3703134989
14.8660826033,73.114677973
14.8898623279,66.5036674373
14.9136420526,69.8941518699
14.9374217772,68.9333744063
14.9612015019,70.171537852
14.9849812265,72.5481285559
15.0087609512,68.6115700588
15.0325406758,71.7850816777
15.0563204005,69.1677010837
15.0801001252,69.2850631999
15.1038798498,70.9088046629
15.1276595745,69.8793582727
15.1514392991,66.2593929757
15.1752190238,69.2557084227
15.1989987484,69.3590927004
15.2227784731,65.3777691709
15.2465581977,66.6783231369
15.2703379224,70.6684336744
15.2941176471,71.281434811
15.3178973717,74.2651585737
15.3416770964,74.9337022152
15.365456821,71.8598059003
15.3892365457,71.4217162142
15.4130162703,70.5954584596
15.436795995,71.792209691
15.4605757196,72.5830868611
15.4843554443,76.3084640612
15.508135169,76.0741735995
15.5319148936,73.6416474597
15.5556946183,76.2453555499
15.5794743429,79.7790638545
15.6032540676,76.00710338
15.6270337922,75.9902311239
15.6508135169,77.3527867728
15.6745932416,78.6803921042
15.6983729662,81.1834947787
15.7221526909,80.4357968121
15.7459324155,76.8525329942
15.7697121402,79.4979461245
15.7934918648,78.7811348461
15.8172715895,77.2034365406
15.8410513141,79.1471595007
15.8648310388,79.3623268879
15.8886107635,79.7648728516
15.9123904881,75.8268868785
15.9361702128,79.8385467662
15.9599499374,81.7670580222
15.9837296621,79.8315080107
16.0075093867,77.5382705726
16.0312891114,78.9176056212
16.055068836,80.6703199126
16.0788485607,81.7469025101
16.1026282854,80.7922226126
16.12640801,80.0889365578
16.1501877347,78.7878114369
16.1739674593,78.0283085977
16.197747184,78.0803272811
16.2215269086,79.1078163146
16.2453066333,81.335748539
16.2690863579,83.956603012
16.2928660826,81.0744019758
16.3166458073,83.5611716649
16.3404255319,85.4651237419
16.3642052566,84.5672468613
16.3879849812,88.7044671024
16.4117647059,86.4196959221
16.4355444305,87.0853076147
16.4593241552,86.2257375476
16.4831038798,85.7704910484
16.5068836045,85.7814306128
16.5306633292,89.3405912217
16.5544430538,86.5270136504
16.5782227785,84.8798964372
16.6020025031,87.7602361693
16.6257822278,90.2832756798
16.6495619524,92.4611700831
16.6733416771,94.2437686597
16.6971214018,90.9087506806
16.7209011264,92.2845032533
16.7446808511,94.4508583505
16.7684605757,93.0733069395
16.7922403004,92.960123485
16.816020025,97.5428378659
16.8397997497,97.6340215296
16.8635794743,101.299265872
16.887359199,100.276320013
16.9111389237,101.364910951
16.9349186483,102.961506775
16.958698373,104.189648378
16.9824780976,101.624820672
17.0062578223,105.933773193
17.0300375469,104.375932765
17.0538172716,106.002873045
17.0775969962,106.821743605
17.1013767209,111.144781382
17.1251564456,114.099955592
17.1489361702,118.478258721
17.1727158949,114.649373558
17.1964956195,118.515270718
17.2202753442,120.350070251
17.2440550688,122.219381742
17.2678347935,134.462452627
17.2916145181,137.47766515
17.3153942428,144.309547695
17.3391739675,153.326257955
17.3629536921,166.418285904
17.3867334168,191.229352901
17.4105131414,222.304985462
17.4342928661,246.081334493
17.4580725907,279.54115321
17.4818523154,313.940131795
17.5056320401,372.75559441
17.5294117647,408.437831592
17.5531914894,441.638930001
17.576971214,485.493613849
17.6007509387,525.57333618
17.6245306633,568.243608661
17.648310388,595.180688321
17.6720901126,636.397295899
17.6958698373,662.01492859
17.719649562,676.124618181
17.7434292866,686.516364645
17.7672090113,700.491774348
17.7909887359,707.668593143
17.8147684606,705.286132564
17.8385481852,702.202168347
17.8623279099,683.297323567
17.8861076345,669.020135871
17.9098873592,621.612271761
17.9336670839,591.404053963
17.9574468085,532.700281349
17.9812265332,478.872439472
18.0050062578,433.739621533
18.0287859825,395.928238448
18.0525657071,360.93136777
18.0763454318,341.640037646
18.1001251564,312.213420099
18.1239048811,285.531093211
18.1476846058,262.331058211
18.1714643304,233.611051952
18.1952440551,213.404743424
18.2190237797,198.593467288
18.2428035044,193.348398487
18.266583229,179.230696916
18.2903629537,168.14837036
18.3141426783,160.451307656
18.337922403,162.176870235
18.3617021277,147.457445551
18.3854818523,151.158261237
18.409261577,141.920424872
18.4330413016,137.404356238
18.4568210263,132.642328576
18.4806007509,130.586304619
18.5043804756,125.429981755
18.5281602003,120.271837711
18.5519399249,123.280958106
18.5757196496,116.957232724
18.5994993742,115.155538836
18.6232790989,112.144942348
18.6470588235,109.354131605
18.6708385482,108.721437243
18.6946182728,105.313411807
18.7183979975,102.611980247
18.7421777222,100.590352055
18.7659574468,99.0920889178
18.7897371715,100.541050601
18.8135168961,100.261874372
18.8372966208,105.073234447
18.8610763454,99.020074157
18.8848560701,98.1855871597
18.9086357947,100.742602816
18.9324155194,97.422600992
18.9561952441,96.6102035672
18.9799749687,94.8743495383
19.0037546934,95.7321461652
19.027534418,96.2735859136
19.0513141427,96.33761495
19.0750938673,99.163694836
19.098873592,96.9821859228
19.1226533166,96.3442440319
19.1464330413,97.9341188636
19.170212766,99.8580939664
19.1939924906,99.6826768349
19.2177722153,101.365410019
19.2415519399,98.1575059067
19.2653316646,100.008737955
19.2891113892,98.7244488541
19.3128911139,99.9294126421
19.3366708385,99.1440601867
19.3604505632,103.926150772
19.3842302879,97.5132149209
19.4080100125,102.227894174
19.4317897372,105.863934902
19.4555694618,115.389127381
19.4793491865,121.323260004
19.5031289111,134.335064569
19.5269086358,143.735902046
19.5506883605,159.254832725
19.5744680851,184.946941488
19.5982478098,223.351324817
19.6220275344,273.036351177
19.6458072591,313.307902558
19.6695869837,352.530625061
19.6933667084,389.412908805
19.717146433,409.881313801
19.7409261577,400.892672284
19.7647058824,372.574414345
19.788485607,370.847596097
19.8122653317,379.915266714
19.8360450563,388.671900306
19.859824781,419.756851311
19.8836045056,450.216874055
19.9073842303,486.750082624
19.9311639549,482.934027976
19.9549436796,480.362549632
19.9787234043,457.061547638
20.0025031289,406.445225282
20.0262828536,373.211359148
20.0500625782,331.862649507
20.0738423029,296.747647874
20.0976220275,264.513450161
20.1214017522,245.962695175
20.1451814768,232.019605458
20.1689612015,209.45359012
20.1927409262,190.513905564
20.2165206508,174.737743897
20.2403003755,164.190529504
20.2640801001,140.126355559
20.2878598248,134.293252589
20.3116395494,118.280657295
20.3354192741,110.707367661
20.3591989987,103.026051549
20.3829787234,96.5992213292
20.4067584481,93.8228556834
20.4305381727,91.2517401833
20.4543178974,89.2521545237
20.478097622,81.5091625775
20.5018773467,84.2968442379
20.5256570713,79.6027758738
20.549436796,76.4898296196
20.5732165207,71.1991391123
20.5969962453,66.0635672198
20.62077597,63.347978499
20.6445556946,62.3617631651
20.6683354193,58.2482789728
20.6921151439,53.3946143009
20.7158948686,46.3088025683
20.7396745932,42.6300463386
20.7634543179,40.3844515027
20.7872340426,32.7514527154
20.8110137672,29.2386927885
20.8347934919,24.586415831
20.8585732165,17.9612412216
20.8823529412,16.4112648822
20.9061326658,13.2840869123
20.9299123905,13.7164319156
20.9536921151,14.6873934294
20.9774718398,15.4912768521
21.0012515645,14.3415195381
21.0250312891,12.8815636596
21.0488110138,11.0828671405
21.0725907384,7.21825745404
21.0963704631,1.74758653906
21.1201501877,0.0081345560288
21.1439299124,0.0
21.167709637,0.0
21.1914893617,0.0
21.2152690864,0.0
21.239048811,0.0
21.2628285357,0.0
21.2866082603,0.0
21.310387985,0.0
21.3341677096,0.0
21.3579474343,0.0
21.3817271589,0.0
21.4055068836,0.0
21.4292866083,0.0
21.4530663329,0.0
21.4768460576,0.0
21.5006257822,0.0
21.5244055069,0.0039095245366
21.5481852315,0.0
21.5719649562,0.0
21.5957446809,0.0
21.6195244055,0.0
21.6433041302,0.0
21.6670838548,0.0
21.6908635795,0.0
21.7146433041,0.0
21.7384230288,0.0
21.7622027534,0.0
21.7859824781,0.0
21.8097622028,0.0
21.8335419274,0.0
21.8573216521,0.0
21.8811013767,0.0
21.9048811014,0.0
21.928660826,0.0
21.9524405507,0.0
21.9762202753,0.0
22.0,0.0
