3.0,0.0
3.02377972466,0.0
3.04755944931,0.0
3.07133917397,0.0
3.09511889862,0.0
3.11889862328,0.0
3.14267834793,0.0
3.16645807259,0.0
3.19023779725,0.0
3.2140175219,0.0
3.23779724656,0.0
3.26157697121,0.0
3.28535669587,0.0
3.30913642053,0.0
3.33291614518,0.0
3.35669586984,0.0
3.38047559449,0.0
3.40425531915,0.0
3.4280350438,0.0
3.45181476846,0.0
3.47559449312,0.0
3.49937421777,0.0
3.52315394243,0.0
3.54693366708,0.0
3.57071339174,0.0
3.5944931164,0.0
3.61827284105,0.0
3.64205256571,0.0
3.66583229036,0.0
3.68961201502,0.0
3.71339173967,0.0
3.73717146433,0.0
3.76095118899,0.0
3.78473091364,0.0
3.8085106383,0.0
3.83229036295,0.0
3.85607008761,0.0
3.87984981227,0.0
3.90362953692,0.0
3.92740926158,0.0
3.95118898623,0.0
3.97496871089,0.0
3.99874843554,0.0
4.0225281602,0.0
4.04630788486,0.0
4.07008760951,0.0
4.09386733417,0.0
4.11764705882,0.0
4.14142678348,0.0
4.16520650814,0.0
4.18898623279,0.0
4.21276595745,0.0
4.2365456821,0.0
4.26032540676,0.226452916676
4.28410513141,0.569755142455
4.30788485607,0.537051468729
4.33166458073,0.996759014544
4.35544430538,2.12869773578
4.37922403004,3.72865540925
4.40300375469,5.55632942869
4.42678347935,8.17523320916
4.45056320401,15.5514305879
4.47434292866,18.7755731634
4.49812265332,23.7003927191
4.52190237797,25.3014676132
4.54568210263,26.5990296737
4.56946182728,27.0234525258
4.59324155194,22.4037037372
4.6170212766,18.2813600571
4.64080100125,15.2738941928
4.66458072591,13.0632241656
4.68836045056,13.0828205024
4.71214017522,12.6348151202
4.73591989987,12.3307770558
4.75969962453,11.1742967515
4.78347934919,11.6063564691
4.80725907384,12.0132040201
4.8310387985,10.688743765
4.85481852315,11.7203262373
4.87859824781,11.7244547406
4.90237797247,11.7497936184
4.92615769712,9.7328871418
4.94993742178,10.5630781693
4.97371714643,11.0036004395
4.99749687109,12.0846112185
5.02127659574,11.6746542909
5.0450563204,12.8545763842
5.06883604506,11.2635927147
5.09261576971,12.790606422
5.11639549437,13.2078578525
5.14017521902,14.8061781075
5.16395494368,14.2616203189
5.18773466834,15.5876168468
5.21151439299,16.2394934546
5.23529411765,16.1494098559
5.2590738423,14.9022010266
5.28285356696,13.8143442107
5.30663329161,16.1566849427
5.33041301627,13.9284189124
5.35419274093,14.2650207557
5.37797246558,15.1469563615
5.40175219024,17.305012443
5.42553191489,17.0958892291
5.44931163955,17.1884030217
5.47309136421,17.4822761416
5.49687108886,16.4943631171
5.52065081352,15.7583096573
5.54443053817,16.0804676795
5.56821026283,17.9506746616
5.59198998748,17.5090566047
5.61576971214,16.7953890928
5.6395494368,17.7117562222
5.66332916145,17.3544551849
5.68710888611,17.7099792866
5.71088861076,16.562157409
5.73466833542,16.3039193398
5.75844806008,16.9821025978
5.78222778473,16.5012082868
5.80600750939,15.4124004796
5.82978723404,17.0667505403
5.8535669587,17.1248699558
5.87734668335,17.3065344919
5.90112640801,16.8989847015
5.92490613267,16.3550673341
5.94868585732,16.4847268829
5.97246558198,16.6290098337
5.99624530663,17.1243210413
6.02002503129,18.0582338549
6.04380475594,17.4337369798
6.0675844806,19.212473884
6.09136420526,17.357476089
6.11514392991,15.9145653207
6.13892365457,15.5471692952
6.16270337922,16.6051462506
6.18648310388,15.8645878258
6.21026282854,16.5293777889
6.23404255319,17.1642904897
6.25782227785,14.5224962029
6.2816020025,13.7160959642
6.30538172716,14.0828621118
6.32916145181,12.1113392432
6.35294117647,12.5733018992
6.37672090113,13.0910048739
6.40050062578,12.4494926329
6.42428035044,12.0552087858
6.44806007509,13.3325581867
6.47183979975,13.2162787409
6.49561952441,13.7177499458
6.51939924906,13.1016280297
6.54317897372,13.0505705306
6.56695869837,11.6045779317
6.59073842303,11.9335956992
6.61451814768,13.5365751442
6.63829787234,13.5354958115
6.662077597,14.0864565366
6.68585732165,12.7575431271
6.70963704631,12.9704701346
6.73341677096,11.446160956
6.75719649562,12.6882158832
6.78097622028,13.5250010285
6.80475594493,13.5376047779
6.82853566959,13.3067791003
6.85231539424,13.7405651141
6.8760951189,13.6658016378
6.89987484355,13.8815299251
6.92365456821,13.6527024088
6.94743429287,13.8854861649
6.97121401752,15.1181087703
6.99499374218,15.7440435506
7.01877346683,15.4067322755
7.04255319149,16.0317461398
7.06633291615,16.1969748102
7.0901126408,15.0871056573
7.11389236546,14.8752504051
7.13767209011,15.6831554856
7.16145181477,16.4639659878
7.18523153942,16.4873179528
7.20901126408,18.3566532857
7.23279098874,21.1708822215
7.25657071339,20.2107959136
7.28035043805,20.0668246783
7.3041301627,18.6047014753
7.32790988736,22.2491643987
7.35168961202,22.7901846999
7.37546933667,22.3831801628
7.39924906133,22.7816136134
7.42302878598,25.0998011896
7.44680851064,24.4949162808
7.47058823529,23.7303612977
7.49436795995,23.73472657
7.51814768461,23.4397988721
7.54192740926,28.7137882541
7.56570713392,25.6000082792
7.58948685857,25.0875937797
7.61326658323,24.9810492602
7.63704630788,29.7609148843
7.66082603254,27.2459748491
7.6846057572,27.8785600719
7.70838548185,31.0975304877
7.73216520651,33.9710958331
7.75594493116,40.5201920592
7.77972465582,45.9732138018
7.80350438048,55.8883310447
7.82728410513,70.1252638939
7.85106382979,97.1620377853
7.87484355444,117.27341571
7.8986232791,142.133227709
7.92240300375,151.326879029
7.94618272841,156.990851192
7.96996245307,152.69682665
7.99374217772,140.44370678
8.01752190238,126.288435845
8.04130162703,108.826038469
8.06508135169,107.250058841
8.08886107635,85.0571098021
8.112640801,78.1633624185
8.13642052566,70.2928276123
8.16020025031,65.3101810845
8.18397997497,59.8869346939
8.20775969962,54.7061984165
8.23153942428,51.8779650791
8.25531914894,50.7137564454
8.27909887359,52.8226689841
8.30287859825,51.973791925
8.3266583229,51.1414132969
8.35043804756,49.9722014183
8.37421777222,47.9318975314
8.39799749687,54.0892958168
8.42177722153,48.2098327302
8.44555694618,48.5436923779
8.46933667084,50.723762079
8.49311639549,50.9463026066
8.51689612015,56.3195682289
8.54067584481,52.2700623746
8.56445556946,53.2420530005
8.58823529412,54.2536378282
8.61201501877,55.8693173626
8.63579474343,57.3332032278
8.65957446809,57.9028292755
8.68335419274,61.0595705717
8.7071339174,55.8687166078
8.73091364205,63.4474678048
8.75469336671,63.8549332713
8.77847309136,61.0728509358
8.80225281602,63.0656356874
8.82603254068,61.557380672
8.84981226533,67.2609686195
8.87359198999,65.6124526601
8.89737171464,63.2181125536
8.9211514393,61.6080459348
8.94493116395,63.1852130844
8.96871088861,68.5012339942
8.99249061327,66.4871430854
9.01627033792,66.5216693422
9.04005006258,68.4443972848
9.06382978723,68.60240496
9.08760951189,76.1771951355
9.11138923655,70.8174394627
9.1351689612,73.0986014898
9.15894868586,73.1123685371
9.18272841051,75.7482277897
9.20650813517,75.8926507973
9.23028785982,71.7042430758
9.25406758448,70.7953739939
9.27784730914,73.4816746786
9.30162703379,78.6208865633
9.32540675845,78.0827887757
9.3491864831,76.341223731
9.37296620776,75.6349424838
9.39674593242,74.0311577177
9.42052565707,86.0655098414
9.44430538173,80.9261462
9.46808510638,85.1616480204
9.49186483104,83.2300599452
9.51564455569,84.1283775514
9.53942428035,90.3373451424
9.56320400501,86.7625297557
9.58698372966,90.4162391147
9.61076345432,91.3536297215
9.63454317897,103.231326855
9.65832290363,108.178199776
9.68210262829,115.888362745
9.70588235294,134.808146228
9.7296620776,171.221095239
9.75344180225,243.423582373
9.77722152691,359.128366456
9.80100125156,544.880047331
9.82478097622,698.143358725
9.84856070088,817.757562486
9.87234042553,870.537892136
9.89612015019,952.990837755
9.91989987484,1046.11724187
9.9436795995,1108.4699783
9.96745932416,1101.16553147
9.99123904881,962.896625466
10.0150187735,822.412138658
10.0387984981,674.772645332
10.0625782228,564.377128228
10.0863579474,468.716733916
10.1101376721,379.085656263
10.1339173967,306.69382254
10.1576971214,263.032618688
10.1814768461,212.418266787
10.2052565707,186.019697717
10.2290362954,169.444613337
10.25281602,164.745579245
10.2765957447,152.381027992
10.3003754693,131.631839493
10.324155194,116.669827291
10.3479349186,114.254711026
10.3717146433,116.808206802
10.395494368,109.138294583
10.4192740926,98.532102872
10.4430538173,101.573192334
10.4668335419,107.434383971
10.4906132666,97.6537511694
10.5143929912,95.6491820593
10.5381727159,91.5062562545
10.5619524406,107.549445907
10.5857321652,94.7871172187
10.6095118899,93.850207206
10.6332916145,98.7658387408
10.6570713392,106.941950388
10.6808510638,95.3924829738
10.7046307885,92.2404816173
10.7284105131,98.6090155022
10.7521902378,94.0095738433
10.7759699625,85.4223882345
10.7997496871,81.8386500901
10.8235294118,97.5212506129
10.8473091364,86.7572179873
10.8710888611,79.799592922
10.8948685857,80.5172833675
10.9186483104,102.160878789
10.942428035,86.1651431268
10.9662077597,84.2106700133
10.9899874844,94.8352222853
11.013767209,88.3397752019
11.0375469337,84.6990013801
11.0613266583,78.0497294631
11.085106383,104.191060623
11.1088861076,81.9531698061
11.1326658323,74.5369587609
11.1564455569,102.049862442
11.1802252816,87.7272433013
11.2040050063,80.6126509477
11.2277847309,63.7240536134
11.2515644556,130.27837643
11.2753441802,66.3983601659
11.2991239049,88.8597364631
11.3229036295,112.841963638
11.3466833542,82.1306185498
11.3704630788,90.1587776912
11.3942428035,114.135557582
11.4180225282,79.3774877701
11.4418022528,90.4232425702
11.4655819775,110.457416812
11.4893617021,83.1254849235
11.5131414268,87.2675087413
11.5369211514,122.730080175
11.5607008761,88.5484980092
11.5844806008,94.5395434631
11.6082603254,139.257884978
11.6320400501,100.460497589
11.6558197747,112.586457812
11.6795994994,184.474038789
11.703379224,146.703706128
11.7271589487,173.880973378
11.7509386733,331.28013783
11.774718398,242.927809771
11.7984981227,278.544391206
11.8222778473,488.944182746
11.846057572,335.065088955
11.8698372966,380.252519524
11.8936170213,612.456537578
11.9173967459,392.909124222
11.9411764706,469.699664765
11.9649561952,602.868157203
11.9887359199,398.132812869
12.0125156446,561.419964648
12.0362953692,370.12188936
12.0600750939,339.146069078
12.0838548185,438.818226575
12.1076345432,250.316496523
12.1314142678,273.502584206
12.1551939925,281.214308022
12.1789737171,199.322899437
12.2027534418,247.462812755
12.2265331665,155.432514112
12.2503128911,158.908267579
12.2740926158,168.637000875
12.2978723404,128.947838949
12.3216520651,158.612554346
12.3454317897,115.436538649
12.3692115144,127.795548468
12.392991239,126.274502905
12.4167709637,101.922873233
12.4405506884,124.570122039
12.464330413,99.7453133506
12.4881101377,117.475614768
12.5118898623,93.530118747
12.535669587,95.7584910244
12.5594493116,100.363833855
12.5832290363,92.6855075722
12.607008761,99.1965140476
12.6307884856,87.8250579164
12.6545682103,99.8215800244
12.6783479349,86.4194739159
12.7021276596,94.7324460428
12.7259073842,82.1080720315
12.7496871089,90.2069480628
12.7734668335,89.1869005651
12.7972465582,89.0185558327
12.8210262829,92.1692427961
12.8448060075,89.3525186467
12.8685857322,94.3368048297
12.8923654568,92.3310686808
12.9161451815,90.9929867373
12.9399249061,91.3256195033
12.9637046308,89.5509359948
12.9874843554,86.5545949936
13.0112640801,90.2828037708
13.0350438048,90.7787035808
13.0588235294,94.4839555288
13.0826032541,89.9056117921
13.1063829787,88.5290514207
13.1301627034,85.4243975866
13.153942428,86.6664231244
13.1777221527,90.8691863616
13.2015018773,86.2844213346
13.225281602,93.8409121645
13.2490613267,85.8055034668
13.2728410513,89.8467066341
13.296620776,86.7727500926
13.3204005006,92.0312500687
13.3441802253,89.1645923785
13.3679599499,93.6506646834
13.3917396746,90.9060186212
13.4155193992,92.7839259358
13.4392991239,99.7580292224
13.4630788486,100.51304047
13.4868585732,108.693584003
13.5106382979,110.675293794
13.5344180225,116.726043042
13.5581977472,132.036569727
13.5819774718,141.319306772
13.6057571965,167.546698053
13.6295369212,214.9528721
13.6533166458,279.962560334
13.6770963705,369.252907244
13.7008760951,474.121889553
13.7246558198,562.430431962
13.7484355444,639.098719962
13.7722152691,666.893772707
13.7959949937,702.909933704
13.8197747184,743.013475489
13.8435544431,799.272150155
13.8673341677,859.694515251
13.8911138924,916.64808935
13.914893617,897.511989254
13.9386733417,865.271919401
13.9624530663,801.629284238
13.986232791,709.094879179
14.0100125156,632.625146213
14.0337922403,553.485661904
14.057571965,486.531204475
14.0813516896,431.885968427
14.1051314143,370.789953246
14.1289111389,322.532777714
14.1526908636,276.5034181
14.1764705882,238.084176174
14.2002503129,221.982933561
14.2240300375,193.967060293
14.2478097622,173.887231913
14.2715894869,156.606853026
14.2953692115,146.220663177
14.3191489362,133.779843053
14.3429286608,128.945230621
14.3667083855,119.929930471
14.3904881101,111.273292739
14.4142678348,108.705034265
14.4380475594,101.563815902
14.4618272841,98.0510718868
14.4856070088,92.8587131572
14.5093867334,88.176677393
14.5331664581,83.4598776446
14.5569461827,82.2797984869
14.5807259074,82.7417498028
14.604505632,77.6573285751
14.6282853567,80.2744602139
14.6520650814,75.113403228
14.675844806,74.0361056745
14.6996245307,75.8799211301
14.7234042553,74.7715734665
14.74718398,73.0020765945
14.7709637046,72.8427231475
14.7947434293,70.2066355555
14.8185231539,70.4622393225
14.8423028786,71.8781458688
14.8660826033,71.2554248208
14.8898623279,73.343752352
14.9136420526,75.385413725
14.9374217772,72.6312761342
14.9612015019,70.7687353051
14.9849812265,69.3573939198
15.0087609512,71.1417936771
15.0325406758,68.3188919378
15.0563204005,66.6103823972
15.0801001252,70.3987517436
15.1038798498,69.2111402894
15.1276595745,66.2521027899
15.1514392991,67.1649490309
15.1752190238,68.6220717324
15.1989987484,68.4548901886
15.2227784731,66.7653501712
15.2465581977,72.3511977485
15.2703379224,69.8731631998
15.2941176471,73.0960449029
15.3178973717,71.2964735945
15.3416770964,66.9890665727
15.365456821,67.4107891707
15.3892365457,72.5752435049
15.4130162703,75.8497432433
15.436795995,70.239565259
15.4605757196,73.4197796084
15.4843554443,71.3527311621
15.508135169,73.2049240655
15.5319148936,76.4877688075
15.5556946183,76.6092941213
15.5794743429,77.719526165
15.6032540676,88.2123469259
15.6270337922,99.0031898786
15.6508135169,122.757071273
15.6745932416,134.440089002
15.6983729662,158.511687772
15.7221526909,169.733918768
15.7459324155,171.210113167
15.7697121402,151.811510579
15.7934918648,154.959002516
15.8172715895,163.646059577
15.8410513141,169.840669575
15.8648310388,215.338176011
15.8886107635,201.959886515
15.9123904881,217.503572256
15.9361702128,217.514416891
15.9599499374,183.627253888
15.9837296621,172.622342591
16.0075093867,143.162011151
16.0312891114,139.956395209
16.055068836,119.651925382
16.0788485607,127.486884715
16.1026282854,109.183785219
16.12640801,114.694183017
16.1501877347,92.6977180699
16.1739674593,90.8396600284
16.197747184,84.6805094692
16.2215269086,85.2264925758
16.2453066333,81.0350470084
16.2690863579,77.8625327477
16.2928660826,78.7515293212
16.3166458073,76.0602592393
16.3404255319,80.2323933828
16.3642052566,81.6101847908
16.3879849812,83.0079933588
16.4117647059,86.5611060389
16.4355444305,91.0463036188
16.4593241552,101.055746035
16.4831038798,100.878865306
16.5068836045,111.284881764
16.5306633292,117.9705733
16.5544430538,133.310343605
16.5782227785,153.428477769
16.6020025031,181.375379808
16.6257822278,227.311389115
16.6495619524,274.653368734
16.6733416771,312.691647148
16.6971214018,347.976064069
16.7209011264,344.321009844
16.7446808511,361.971296763
16.7684605757,378.560701516
16.7922403004,374.684617682
16.816020025,396.636192588
16.8397997497,335.07682668
16.8635794743,378.303186143
16.887359199,691.192563061
16.9111389237,156.304423128
16.9349186483,38.3824804702
16.958698373,22.7265440031
16.9824780976,17.6419634491
17.0062578223,12.8114810531
17.0300375469,6.10409965148
17.0538172716,0.796303726834
17.0775969962,0.0
17.1013767209,0.0
17.1251564456,0.0
17.1489361702,0.0
17.1727158949,0.0
17.1964956195,0.0
17.2202753442,0.0
17.2440550688,0.0
17.2678347935,0.0
17.2916145181,0.0
17.3153942428,0.0
17.3391739675,0.0
17.3629536921,0.0
17.3867334168,0.0
17.4105131414,0.0
17.4342928661,0.0
17.4580725907,0.0
17.4818523154,0.0
17.5056320401,0.0
17.5294117647,0.0
17.5531914894,0.0
17.576971214,0.0
17.6007509387,0.0
17.6245306633,0.0
17.648310388,0.0
17.6720901126,0.0
17.6958698373,0.0
17.719649562,0.0
17.7434292866,0.0
17.7672090113,0.0
17.7909887359,0.0
17.8147684606,0.0
17.8385481852,0.0
17.8623279099,0.0
17.8861076345,0.0
17.9098873592,0.0
17.9336670839,0.0
17.9574468085,0.0
17.9812265332,0.0
18.0050062578,0.0
18.0287859825,0.0
18.0525657071,0.0
18.0763454318,0.0
18.1001251564,0.0
18.1239048811,0.0
18.1476846058,0.0
18.1714643304,0.0
18.1952440551,0.0
18.2190237797,0.0
18.2428035044,0.0
18.266583229,0.0
18.2903629537,0.0
18.3141426783,0.0
18.337922403,0.0
18.3617021277,0.0
18.3854818523,0.0
18.409261577,0.0
18.4330413016,0.0
18.4568210263,0.0
18.4806007509,0.0
18.5043804756,0.0
18.5281602003,0.0
18.5519399249,0.0
18.5757196496,0.0
18.5994993742,0.0
18.6232790989,0.0
18.6470588235,0.0
18.6708385482,0.0
18.6946182728,0.0
18.7183979975,0.0
18.7421777222,0.0
18.7659574468,0.0
18.7897371715,0.0
18.8135168961,0.0
18.8372966208,0.0
18.8610763454,0.0
18.8848560701,0.0
18.9086357947,0.0
18.9324155194,0.0
18.9561952441,0.0
18.9799749687,0.0
19.0037546934,0.0
19.027534418,0.0
19.0513141427,0.0
19.0750938673,0.0
19.098873592,0.0
19.1226533166,0.0
19.1464330413,0.0
19.170212766,0.0
19.1939924906,0.0
19.2177722153,0.0
19.2415519399,0.0
19.2653316646,0.0
19.2891113892,0.0
19.3128911139,0.0
19.3366708385,0.0
19.3604505632,0.0
19.3842302879,0.0
19.4080100125,0.0
19.4317897372,0.0
19.4555694618,0.0
19.4793491865,0.0
19.5031289111,0.0
19.5269086358,0.0
19.5506883605,0.0
19.5744680851,0.0
19.5982478098,0.0
19.6220275344,0.0
19.6458072591,0.0
19.6695869837,0.0
19.6933667084,0.0
19.717146433,0.0
19.7409261577,0.0
19.7647058824,0.0
19.788485607,0.0
19.8122653317,0.0
19.8360450563,0.0
19.859824781,0.0
19.8836045056,0.0
19.9073842303,0.0
19.9311639549,0.0
19.9549436796,0.0
19.9787234043,0.0
20.0025031289,0.0
20.0262828536,0.0
20.0500625782,0.0
20.0738423029,0.0
20.0976220275,0.0
20.1214017522,0.0
20.1451814768,0.0
20.1689612015,0.0
20.1927409262,0.0
20.2165206508,0.0
20.2403003755,0.0
20.2640801001,0.0
20.2878598248,0.0
20.3116395494,0.0
20.3354192741,0.0
20.3591989987,0.0
20.3829787234,0.0
20.4067584481,0.0
20.4305381727,0.0
20.4543178974,0.0
20.478097622,0.0
20.5018773467,0.0
20.5256570713,0.0
20.549436796,0.0
20.5732165207,0.0
20.5969962453,0.0
20.62077597,0.0
20.6445556946,0.0
20.6683354193,0.0
20.6921151439,0.0
20.7158948686,0.0
20.7396745932,0.0
20.7634543179,0.0
20.7872340426,0.0
20.8110137672,0.0
20.8347934919,0.0
20.8585732165,0.0
20.8823529412,0.0
20.9061326658,0.0
20.9299123905,0.0
20.9536921151,0.0
20.9774718398,0.0
21.0012515645,0.0
21.0250312891,0.0
21.0488110138,0.0
21.0725907384,0.0
21.0963704631,0.0
21.1201501877,0.0
21.1439299124,0.0
21.167709637,0.0
21.1914893617,0.0
21.2152690864,0.0
21.239048811,0.0
21.2628285357,0.0
21.2866082603,0.0
21.310387985,0.0
21.3341677096,0.0
21.3579474343,0.0
21.3817271589,0.0
21.4055068836,0.0
21.4292866083,0.0
21.4530663329,0.0
21.4768460576,0.0
21.5006257822,0.0
21.5244055069,0.0
21.5481852315,0.0
21.5719649562,0.0
21.5957446809,0.0
21.6195244055,0.0
21.6433041302,0.0
21.6670838548,0.0
21.6908635795,0.0
21.7146433041,0.0
21.7384230288,0.0
21.7622027534,0.0
21.7859824781,0.0
21.8097622028,0.0
21.8335419274,0.0
21.8573216521,0.0
21.8811013767,0.0
21.9048811014,0.0
21.928660826,0.0
21.9524405507,0.0
21.9762202753,0.0
22.0,0.0
