2.6,0.00735259299043
2.64020100503,0.0279731177895
2.68040201005,0.0268283586111
2.72060301508,0.0252861268573
2.7608040201,0.0266005494678
2.80100502513,0.0255260359214
2.84120603015,0.0246756745062
2.88140703518,0.0253149502952
2.9216080402,0.0285850452157
2.96180904523,0.0257554807852
3.00201005025,0.0243906425853
3.04221105528,0.0232305063875
3.0824120603,0.022524645872
3.12261306533,0.019402838101
3.16281407035,0.0205850127739
3.20301507538,0.0200462129287
3.2432160804,0.017720274458
3.28341708543,0.0158784805667
3.32361809045,0.0144465610253
3.36381909548,0.0131949255852
3.4040201005,0.0131386102771
3.44422110553,0.011887733462
3.48442211055,0.0117515508368
3.52462311558,0.011103470319
3.5648241206,0.0110685028471
3.60502512563,0.0114936333098
3.64522613065,0.00995927458982
3.68542713568,0.0101063913504
3.7256281407,0.0109243252289
3.76582914573,0.0110357733354
3.80603015075,0.0119021018699
3.84623115578,0.0131062462847
3.8864321608,0.0140212049554
3.92663316583,0.0167318277454
3.96683417085,0.0162522888362
4.00703517588,0.0183046316869
4.0472361809,0.0190936672462
4.08743718593,0.0202347067301
4.12763819095,0.0201363626318
4.16783919598,0.0210181030594
4.20804020101,0.0215548866537
4.24824120603,0.0220872423547
4.28844221106,0.022282607016
4.32864321608,0.0244571099046
4.36884422111,0.0271868201302
4.40904522613,0.0344458317587
4.44924623116,0.0460873043914
4.48944723618,0.0519463829097
4.52964824121,0.0490742384116
4.56984924623,0.0408838135832
4.61005025126,0.0383239805923
4.65025125628,0.0407873033281
4.69045226131,0.0408138788259
4.73065326633,0.0435209320612
4.77085427136,0.0486088181948
4.81105527638,0.0535832613839
4.85125628141,0.0612332680025
4.89145728643,0.0680334319156
4.93165829146,0.073174500853
4.97185929648,0.0806222561263
5.01206030151,0.0854360085297
5.05226130653,0.0882801044354
5.09246231156,0.0916360213547
5.13266331658,0.0924753797935
5.17286432161,0.0925548970046
5.21306532663,0.0944771618467
5.25326633166,0.0931308161871
5.29346733668,0.0893982533682
5.33366834171,0.0889604995595
5.37386934673,0.087897440307
5.41407035176,0.0853064966549
5.45427135678,0.0895219519314
5.49447236181,0.0999361923011
5.53467336683,0.154879107105
5.57487437186,0.262625774482
5.61507537688,0.390651617831
5.65527638191,0.428387073447
5.69547738693,0.383254535942
5.73567839196,0.264940607725
5.77587939698,0.167971092972
5.81608040201,0.118755893955
5.85628140704,0.100987983257
5.89648241206,0.091073635262
5.93668341709,0.0879412634857
5.97688442211,0.0851459038631
6.01708542714,0.0909029058152
6.05728643216,0.0949291880294
6.09748743719,0.0987190119465
6.13768844221,0.100668346236
6.17788944724,0.103981125459
6.21809045226,0.107001457467
6.25829145729,0.106932933635
6.29849246231,0.114094600241
6.33869346734,0.114232153399
6.37889447236,0.113009416247
6.41909547739,0.111088249353
6.45929648241,0.114323995744
6.49949748744,0.109445968069
6.53969849246,0.109768938035
6.57989949749,0.105695951738
6.62010050251,0.103318939433
6.66030150754,0.103028609558
6.70050251256,0.105057412521
6.74070351759,0.1085427611
6.78090452261,0.132014177751
6.82110552764,0.154564609286
6.86130653266,0.165884982399
6.90150753769,0.14898466759
6.94170854271,0.140761367282
6.98190954774,0.121605248078
7.02211055276,0.102657589513
7.06231155779,0.0895218996535
7.10251256281,0.0819106863636
7.14271356784,0.0772574176402
7.18291457286,0.0760964683768
7.22311557789,0.0757820454929
7.26331658291,0.0756763860628
7.30351758794,0.075742516506
7.34371859296,0.0747568161465
7.38391959799,0.0760307255683
7.42412060302,0.0780622751617
7.46432160804,0.0815707603003
7.50452261307,0.0835422756243
7.54472361809,0.0822707099204
7.58492462312,0.0852216578034
7.62512562814,0.0897942138914
7.66532663317,0.0890924090468
7.70552763819,0.0936985962618
7.74572864322,0.0976802766212
7.78592964824,0.10079072273
7.82613065327,0.110660114874
7.86633165829,0.138094719428
7.90653266332,0.193517729697
7.94673366834,0.262450693461
7.98693467337,0.309178364815
8.02713567839,0.330196560183
8.06733668342,0.313715621552
8.10753768844,0.247521098043
8.14773869347,0.188980527989
8.18793969849,0.14887655302
8.22814070352,0.123056397221
8.26834170854,0.107909943756
8.30854271357,0.0996364499468
8.34874371859,0.0935820606993
8.38894472362,0.0898489639194
8.42914572864,0.0863832195559
8.46934673367,0.0837873416928
8.50954773869,0.0841353511039
8.54974874372,0.0838214861185
8.58994974874,0.0839897374433
8.63015075377,0.0868865242643
8.67035175879,0.0854125800955
8.71055276382,0.0844159613496
8.75075376884,0.0849853774744
8.79095477387,0.0828366904263
8.83115577889,0.0827171576068
8.87135678392,0.081446624156
8.91155778894,0.0831537158461
8.95175879397,0.0808851167436
8.99195979899,0.0801545317123
9.03216080402,0.0843846823318
9.07236180905,0.0980386834063
9.11256281407,0.111709482429
9.1527638191,0.103611195556
9.19296482412,0.118547907299
9.23316582915,0.108812838017
9.27336683417,0.0898635553043
9.3135678392,0.0796516279375
9.35376884422,0.0690684535034
9.39396984925,0.0636675805888
9.43417085427,0.0596883145466
9.4743718593,0.0559903016976
9.51457286432,0.0523157983346
9.55477386935,0.051029402658
9.59497487437,0.0512530324099
9.6351758794,0.0534705322931
9.67537688442,0.0801703880132
9.71557788945,0.107490712103
9.75577889447,0.161596631224
9.7959798995,0.17014865208
9.83618090452,0.0576979167625
9.87638190955,0.0520167404872
9.91658291457,nan
9.9567839196,nan
9.99698492462,nan
10.0371859296,nan
10.0773869347,nan
10.1175879397,nan
10.1577889447,nan
10.1979899497,nan
10.2381909548,nan
10.2783919598,nan
10.3185929648,nan
10.3587939698,nan
10.3989949749,nan
10.4391959799,nan
10.4793969849,nan
10.5195979899,nan
10.559798995,nan
10.6,nan
